1311876800.430058  -0.00113042 -0.000903065  0.000674865 -8.21554e-05 8.96067e-05 5.43538e-05 1
1311876800.467526 -0.000708219  -0.00142658   0.00079149 -0.000233679 -9.94917e-06 0.000210222 1
1311876800.499177 0.000718368 -0.00188441 0.000699665 -0.000464507 -0.000247654 0.000459598 1
1311876800.584578 0.000529751  -0.0023635  0.00139924 -0.000597286 -0.000194576 0.000465976 1
1311876800.626767 0.000161129 -0.00268365 0.000249411 -0.000677236 -0.000119458 0.000433901 1
1311876800.669072 0.000814055 -0.00235166 -0.00134167 -0.000675652 -0.00014628 0.000392986 1
1311876800.699136  0.000979772  -0.00257271 -4.55399e-05 -0.000664031 -0.000249621 0.000539416 1
1311876800.730907   0.0010256 -0.00231533  -0.0022178 -0.000733125 -0.000204873 0.000503519 1
1311876800.767879  0.00249992  -0.0035385 -0.00116287 -0.000852136 -0.000381642 0.000538521 0.999999
1311876800.819443   0.00283501  -0.00293035 -0.000918773 -0.000868717 -0.000443263 0.000666699 0.999999
1311876800.862919  0.00311002 -0.00262685 -0.00130853 -0.000832432 -0.000521664 0.000665571 0.999999
1311876800.894672  0.00438768 -0.00182298 -0.00237437 -0.00071779 -0.00062821 0.000711017 0.999999
1311876800.930094  0.00429829 -0.00158448 -0.00181611 -0.000654047 -0.000616759 0.000595926 0.999999
1311876800.965940  0.00344033 -0.00157253 -0.00126995 -0.000596597 -0.000525794 0.000491454 1
1311876801.000625  0.00488902 -0.00179284 -0.00234962 -0.000684043 -0.000645159 0.000489408 0.999999
1311876801.030613   0.00480362  -0.00149579 -0.000772771 -0.00063221 -0.000697513 0.000564521 0.999999
1311876801.094705   0.00554324  -0.00122808 -6.25626e-05 -0.000551819 -0.000796252 0.000540256 0.999999
1311876801.131759  0.00589169  -0.0012458 0.000744871 -0.000603294 -0.000868115 0.000576781 0.999999
1311876801.167161   0.00529405 -0.000961459   0.00105475 -0.000567013 -0.000801506 0.0005982 0.999999
1311876801.226755   0.00593933 -0.000698413    0.0009258 -0.000482356 -0.000886109 0.000741543 0.999999
1311876801.269894   0.00642233 -0.000915858  1.83293e-05 -0.000602522 -0.000963324 0.0007404 0.999999
1311876801.299344  0.00624796 -0.00133376 0.000894461 -0.000642071 -0.000922539 0.000779191 0.999999
1311876801.387394  0.00629058 -0.00149687  0.00103806 -0.000647321 -0.00097111 0.000826334 0.999999
1311876801.432714  0.00608413 -0.00122185 0.000962321 -0.000528689 -0.000951167 0.00081541 0.999999
1311876801.495114  0.00615915 -0.00224473 0.000961487 -0.000672772 -0.000938091 0.000674457 0.999999
1311876801.587561  0.00644268 -0.00235902  0.00109975 -0.000663652 -0.000831707 0.000426353 0.999999
1311876801.630278   0.00698662  -0.00204617 -0.000206881 -0.000631381 -0.000816221 0.000367879 0.999999
1311876801.688018  0.00736696  -0.0023073 0.000716349 -0.000590338 -0.00089794 0.000626045 0.999999
1311876801.763774  0.00946464 -0.00125596  0.00150186 -0.000398639 -0.000998527 0.000611116 0.999999
1311876801.799465    0.0113042  -0.00089059 -1.15601e-05 -0.000385194 -0.000840829 0.000723248 0.999999
1311876801.830965   0.0117814 5.82027e-05  0.00319898 -0.000337316 0.000564538 0.00136536 0.999999
1311876801.867700   0.0127935 0.000744134  0.00182594 -0.000147095 0.00173421 0.00183962 0.999997
1311876801.919866   0.014329 0.00150301 0.00349225 -0.000203253 0.00250479 0.00177298 0.999995
1311876801.987874  0.0156257 0.00230201 0.00220822 -0.00101128 0.0057975 0.00261817 0.999979
1311876802.151775   0.0186733  0.00394107 -0.00398464 0.000854696 0.0185723 0.00419369 0.999818
1311876802.201191   0.0178884  0.00580895 -0.00540123 0.00154809 0.0253816 0.00449698 0.999667
1311876802.251654   0.0191709  0.00654444 -0.00992799 0.000424988 0.0288527 0.00478991 0.999572
1311876802.319528  0.0198571 0.00477057 -0.0133507 -0.00140593 0.0367683 0.006091 0.999304
1311876802.433363    0.010487    0.016848 -0.00230955 0.00115461 0.0557426 0.00797574 0.998413
1311876802.494648  -0.408601 -0.0326445  0.0220865 -0.00140693 0.102725 0.0207175 0.994493
1311876802.587849   -0.40868 -0.0301122 0.00603791 -0.00139934 0.110104 0.0215692 0.993685
1311876802.694713  -0.412616 -0.0290798 -0.0113769 -0.00256925 0.124076 0.0238665 0.991982
1311876802.755016  -0.412771 -0.0273756 -0.0162624 -0.00252379 0.127539 0.0244676 0.991529
1311876802.819205  -0.415395 -0.0251244 -0.0292196 -0.00274128 0.134851 0.0247902 0.990552
1311876802.883942  -0.416447 -0.0226395 -0.0355496 -0.00232869 0.142411 0.0256438 0.989473
1311876802.916598 -0.415146 -0.020859 -0.039596 -0.00235433 0.145722 0.0266754 0.988963
1311876802.988212  -0.416581 -0.0167615 -0.0505812 -0.00587987 0.153029 0.0289604 0.98778
1311876803.054696  -0.415524 -0.0242608 -0.0683783 -0.00743843 0.159594 0.0299478 0.9867
1311876803.084170  -0.416508 -0.0191081 -0.0733244 -0.00486003 0.16386 0.0298916 0.986019
1311876803.153709    -0.4213  -0.019098 -0.0844838 -0.00552631 0.171186 0.0304129 0.984754
1311876803.231775  -0.427884 -0.0139037  -0.105727 -0.00453736 0.181732 0.0314768 0.982834
1311876803.301791  -0.430652 -0.0121453  -0.118796 -0.00547329 0.188159 0.0329727 0.98157
1311876803.362647   -0.436376 -0.00925155   -0.136248 -0.00527118 0.19508 0.0337108 0.980194
1311876803.419612   -0.438952 -0.00675276   -0.144946 -0.00490372 0.198509 0.0339747 0.979498
1311876803.462684   -0.445427 -0.00544685   -0.158265 -0.00400794 0.205847 0.0347517 0.977959
1311876803.494765   -0.446385 -0.00418429    -0.16532 -0.00495145 0.209628 0.0361438 0.9771
1311876803.530164   -0.445718 -0.00284738   -0.162079 -0.00566192 0.213243 0.0373524 0.976268
1311876803.565720   -0.449321 -0.00201563   -0.170358 -0.00523889 0.216688 0.0376198 0.975502
1311876803.619383    -0.45281 -0.00322995   -0.179704 -0.00497103 0.220137 0.0387335 0.974687
1311876803.701165  -0.456094 0.00493965  -0.189071 -0.00212619 0.230652 0.0394678 0.972233
1311876803.727658   -0.463155 -0.00137347   -0.203239 -0.00410763 0.234989 0.0399784 0.971167
1311876803.768974   -0.462861 0.000482577   -0.205662 -0.00369696 0.238279 0.0407774 0.970333
1311876803.799699  -0.468847 0.00171261    -0.2148 -0.00266821 0.242241 0.0409263 0.969349
1311876803.854887  -0.469342 0.00833799  -0.217621 -0.00299128 0.24566 0.0416947 0.968454
1311876803.920070  -0.479454 0.00692262  -0.238891 -0.00701672 0.252684 0.0433976 0.96655
1311876804.033986  -0.49207 0.0117183 -0.269919 -0.00414928 0.271048 0.0456668 0.961473
1311876804.066072   -0.525662 -0.00331127   -0.275084 -0.00567282 0.278728 0.04727 0.959189
1311876804.123566  -0.530406 0.00281661  -0.281079 -0.00548756 0.284058 0.0479145 0.957593
1311876804.887607    -0.5625 -0.0114251  -0.325367 -0.00491783 0.302056 0.052907 0.951808
1311876804.955344   -0.579415 -0.00497806   -0.344158 -0.00434411 0.31319 0.0541911 0.948133
1311876805.154541   -0.611702 -0.00749111   -0.398719 -0.00714214 0.346072 0.055093 0.936562
1311876805.222317   -0.627559 0.000930943   -0.406917 -0.00327663 0.357386 0.0539325 0.932393
1311876805.289126  -0.654202 0.00974701  -0.419544 -0.000695635 0.369002 0.0552892 0.927782
1311876805.651934  -0.758463 -0.0460076  -0.549659 -0.0135796 0.433131 0.0778328 0.897861
1311876805.752786  -0.832689 -0.0694803  -0.430591 0.00399891 0.457448 0.0730053 0.886225
1311876805.888938  -0.890232 -0.0127387  -0.412759 0.00111683 0.485339 0.0760336 0.871013
1311876805.920134  -0.932267 -0.0544479  -0.422885 -0.00373342 0.496882 0.086206 0.863518
1311876806.188453  -0.978116 -0.0665241  -0.455252 -0.00685594 0.536366 0.0874604 0.839414
1311876806.258302  -1.01785 -0.145598 -0.435444 -0.010186 0.550615 0.0946685 0.829312
1311876806.321453  -1.05696 -0.140844 -0.456532 -0.00889339 0.561079 0.0949577 0.822249
1311876806.355687  -1.07579 -0.135612 -0.460861 -0.00981035 0.571143 0.0938574 0.815408
1311876806.387744  -1.10731 -0.191759 -0.424581 -0.0108192 0.578383 0.101436 0.809362
1311876806.457917  -1.11494 -0.183751 -0.431042 -0.00810176 0.583776 0.101169 0.805546
1311876806.487278  -1.12626 -0.181881 -0.425136 -0.00934342 0.5948 0.100236 0.797545
1311876806.587473  -1.15194  -0.17606 -0.432394 -0.0120298 0.610156 0.103058 0.785458
1311876806.658065  -1.16269 -0.187031 -0.434554 -0.0128921 0.615489 0.105274 0.780977
1311876806.755702  -1.22062 -0.189367 -0.415519 -0.0127493 0.638688 0.107006 0.761882
1311876806.855642    -1.274 -0.205216 -0.427536 -0.0192003 0.652713 0.109164 0.749453
1311876806.955975  -1.29267 -0.198809 -0.427268 -0.0151237 0.668982 0.10519 0.735642
1311876807.088849  -1.32098 -0.195774  -0.42939 -0.0134901 0.682111 0.107626 0.723159
1311876807.220439  -1.32908   -0.1823 -0.417367 -0.0145093 0.699628 0.109371 0.705938
1311876807.288850  -1.37205 -0.201885   -0.4166 -0.0170966 0.71437 0.111651 0.690592
1311876807.389007  -1.38505 -0.190651 -0.411925 -0.0148332 0.724999 0.110922 0.679598
1311876807.423021  -1.41366 -0.193159 -0.406041 -0.0162769 0.733561 0.11273 0.670012
1311876807.488789  -1.42513 -0.201155 -0.475624 -0.0165655 0.733607 0.115435 0.669493
1311876807.556724  -1.46056 -0.208047 -0.489684 -0.015918 0.740447 0.117708 0.661536
1311876807.587013  -1.42516 -0.186331 -0.394933 -0.0131979 0.761079 0.113667 0.638487
1311876807.722791  -1.46142 -0.199278 -0.386896 -0.0160311 0.773145 0.115239 0.623466
1311876807.788131  -1.47471 -0.196294 -0.381307 -0.0156743 0.781846 0.115234 0.61253
1311876807.823106  -1.48937 -0.196717 -0.377929 -0.0160761 0.789436 0.115674 0.602621
1311876807.855114   -1.5032 -0.205674 -0.381772 -0.0156208 0.792752 0.121388 0.597131
1311876807.955190  -1.51226 -0.198516 -0.370658 -0.0163501 0.804569 0.118035 0.581782
1311876807.986941  -1.52759 -0.208596  -0.36205 -0.020399 0.809496 0.11991 0.574388
1311876808.022922  -1.53832  -0.21628 -0.359225 -0.0208807 0.81321 0.120563 0.568963
1311876808.088456  -1.54071 -0.205645  -0.36153 -0.0169719 0.816835 0.120965 0.563791
1311876808.156335  -1.53367   -0.2022 -0.349813 -0.0199367 0.824821 0.121115 0.551909
1311876808.225394  -1.55574  -0.21749 -0.345233 -0.0228446 0.831809 0.126885 0.539881
1311876808.287989    -1.586 -0.228902 -0.344451 -0.0237743 0.837656 0.125857 0.530969
1311876808.323447   -1.6061 -0.234919 -0.334134 -0.0240383 0.845472 0.124942 0.518641
1311876808.487179   -1.6575  -0.27016 -0.315636 -0.0315882 0.852154 0.129316 0.506075
1311876808.793360  -1.72275 -0.303724 -0.231761 -0.0295604 0.863853 0.129762 0.485845
1311876809.055328  -1.73393 -0.273205 -0.212009 -0.0239252 0.873314 0.122542 0.470885
1311876809.093309  -1.74995 -0.295925 -0.195543 -0.029269 0.876079 0.134171 0.462198
1311876809.123380  -1.75793 -0.287539 -0.191521 -0.0257467 0.878566 0.128205 0.459371
1311876809.193311   -1.7609 -0.286174 -0.187577 -0.0262207 0.88132 0.12866 0.45391
1311876809.292889   -1.7981 -0.297696 -0.159921 -0.0264986 0.880503 0.128504 0.45552
1311876809.455256  -1.84094 -0.301568 -0.133184 -0.0247758 0.877342 0.129682 0.461346
1311876809.491197  -1.84514 -0.304066 -0.125186 -0.0250975 0.877537 0.128529 0.461281
1311876809.556037  -1.86038 -0.304846 -0.116753 -0.0259803 0.876579 0.129065 0.462901
1311876809.624594  -1.87745 -0.312374 -0.103701 -0.026125 0.874987 0.129364 0.465812
1311876809.693070   -1.88874  -0.312816 -0.0968281 -0.024835 0.87342 0.129077 0.468893
1311876809.892015   -1.95579  -0.326696 -0.0501045 -0.0250976 0.863559 0.128005 0.487083
1311876809.990838   -1.95927   -0.31332 -0.0463999 -0.0243182 0.858391 0.127659 0.496262
1311876810.060792   -2.01159  -0.354703 -0.0275453 -0.0262453 0.855472 0.133031 0.499781
1311876810.125333   -2.02822  -0.353101 -0.0171396 -0.0261004 0.852332 0.130957 0.505667
1311876810.193100   -2.04407   -0.35757 -0.0104261 -0.0262411 0.848717 0.131188 0.511645
1311876810.259494   -2.05837  -0.356669 -0.0017652 -0.0250204 0.845549 0.128554 0.517586
1311876810.322953    -2.0811  -0.357681 0.00581238 -0.0241442 0.841166 0.128685 0.524688
1311876810.461204  -2.12659 -0.366675 0.0284557 -0.0230749 0.831417 0.131478 0.539376
1311876810.559339  -2.15552 -0.369824 0.0427513 -0.0244025 0.825745 0.130952 0.548089
1311876810.660169  -2.17555 -0.368387 0.0512689 -0.0248857 0.82043 0.131553 0.55585
1311876810.724214  -2.20451 -0.377617  0.059585 -0.0248122 0.815767 0.133046 0.562323
1311876810.792436  -2.20116 -0.370496 0.0617912 -0.0235722 0.814005 0.13162 0.565258
1311876810.822783  -2.24358 -0.390673 0.0764771 -0.026913 0.809193 0.134633 0.571276
1311876810.860238  -2.24484  -0.38491 0.0718499 -0.0247403 0.807246 0.133698 0.57434
1311876810.959917  -2.26147 -0.371339 0.0874452 -0.0234949 0.803176 0.128514 0.58124
1311876811.058858  -2.30625 -0.406662  0.108252 -0.0275691 0.798131 0.130624 0.587507
1311876811.091062  -2.29341 -0.403665   0.10481 -0.0273683 0.794439 0.129464 0.592754
1311876811.160044  -2.31734 -0.412926  0.107961 -0.0269565 0.793167 0.131224 0.594087
1311876811.192260  -2.31544 -0.391573  0.117081 -0.0236493 0.788892 0.126302 0.600948
1311876811.359774  -2.41216 -0.424255  0.128466 -0.0267701 0.779589 0.137928 0.610328
1311876811.391608 -2.40537 -0.41611 0.139973 -0.0231517 0.77686 0.132879 0.615058
1311876811.459864  -2.40698 -0.412841  0.131675 -0.0228983 0.774632 0.132473 0.617957
1311876811.792077  -2.48887 -0.417877  0.157165 -0.0207613 0.775876 0.132274 0.616514
1311876812.026777  -2.56691 -0.429085  0.175847 -0.0201416 0.768172 0.131509 0.626268
1311876812.161300  -2.60155 -0.437725  0.184833 -0.0197568 0.763347 0.132105 0.632028
1311876812.229314  -2.63267 -0.442932    0.1928 -0.0204126 0.758548 0.130915 0.638004
1311876812.329061  -2.65014 -0.438487  0.199092 -0.0219782 0.748816 0.130543 0.649423
1311876812.529686  -2.71854 -0.445425  0.211384 -0.0167127 0.72136 0.126461 0.680712
1311876812.559129 -2.72323  -0.4443 0.215148 -0.0157096 0.717151 0.125581 0.68533
1311876812.629523  -2.74265 -0.447135  0.214826 -0.0154642 0.712783 0.126029 0.689795
1311876812.659573  -2.75132 -0.448025  0.219457 -0.0158017 0.704179 0.124675 0.698812
1311876812.698203   -2.7757 -0.452056  0.224146 -0.0164526 0.695782 0.124398 0.707207
1311876813.097188  -2.87652 -0.457285  0.222547 -0.0132341 0.647404 0.11784 0.752866
1311876813.161662  -2.90751 -0.458628  0.217727 -0.0127379 0.632503 0.116232 0.765681
1311876813.262804 -2.96241 -0.48627 0.202977 -0.0175749 0.614559 0.121383 0.779278
1311876813.330603  -2.97358 -0.472046  0.213641 -0.0110937 0.60846 0.115847 0.785005
1311876813.398967  -2.97913 -0.469354   0.21296 -0.00979673 0.601384 0.114225 0.790692
1311876813.461799  -2.99959 -0.458279  0.208211 -0.00822146 0.585256 0.109285 0.803408
1311876813.497616   -3.0078 -0.471416  0.210676 -0.0123654 0.581352 0.110046 0.806081
1311876813.561890  -3.02085 -0.462984  0.206305 -0.00907503 0.570699 0.106545 0.814168
1311876813.629992  -3.03372 -0.475795  0.201593 -0.0120857 0.565597 0.109529 0.817287
1311876813.697882  -3.05509 -0.470811  0.197282 -0.0107548 0.554815 0.107686 0.824905
1311876813.766032   -3.0681 -0.465889  0.192252 -0.00934896 0.543876 0.10585 0.83241
1311876814.230993  -3.17732 -0.521972  0.134013 -0.0161723 0.462424 0.109219 0.879758
1311876814.263555  -3.17256 -0.506155  0.142879 -0.011533 0.458511 0.105073 0.88238
1311876814.297333  -3.18488 -0.507182  0.140478 -0.0119999 0.456261 0.105946 0.883435
1311876814.398237  -3.19175 -0.512816  0.130716 -0.01443 0.445304 0.105119 0.88907
1311876814.466784  -3.20907 -0.498761  0.124887 -0.0105037 0.437981 0.103458 0.89295
1311876814.496017  -3.22097 -0.507081  0.115088 -0.0117815 0.431203 0.102679 0.896316
1311876814.566816 -3.23524 -0.50263 0.105141 -0.0114591 0.427819 0.102948 0.89791
1311876814.630351  -3.24386 -0.505652 0.0920266 -0.01271 0.425447 0.103189 0.898991
1311876814.903039  -3.30092 -0.504836 0.0330375 -0.0117585 0.432581 0.103406 0.895568
1311876815.134040  -3.31843 -0.503622  0.015108 -0.0150434 0.453183 0.104854 0.885102
1311876815.198058   -3.33408  -0.498276 0.00854511 -0.0136731 0.465545 0.103028 0.878901
1311876815.498137   -3.39815   -0.48994 -0.0359713 -0.0132305 0.517795 0.106463 0.848751
1311876815.566491   -3.40715  -0.488385 -0.0400079 -0.0128353 0.528733 0.106893 0.841933
1311876815.797973   -3.43342   -0.48636 -0.0504233 -0.0170165 0.564297 0.112661 0.817672
1311876815.865742  -3.43365 -0.483622 -0.052979 -0.0167106 0.576194 0.112482 0.809364
1311876815.933554   -3.43835  -0.484968 -0.0553846 -0.0168676 0.581273 0.112881 0.805665
1311876816.102108   -3.48485  -0.500765 -0.0558478 -0.0176086 0.614653 0.117053 0.779865
1311876816.165608   -3.44776  -0.453023 -0.0812074 -0.0172108 0.623761 0.111538 0.773424
1311876816.201250   -3.45247  -0.451696 -0.0848693 -0.0171066 0.628646 0.111975 0.769398
1311876816.365847   -3.46924  -0.449659 -0.0946173 -0.0157634 0.648014 0.114169 0.752858
1311876816.400017   -3.47792  -0.449302 -0.0999444 -0.0151331 0.657468 0.116354 0.74429
1311876816.465009  -3.48005 -0.442338 -0.100551 -0.0123138 0.662379 0.116732 0.739916
1311876816.533151  -3.48814 -0.442792   -0.1033 -0.0121803 0.672355 0.11805 0.730654
1311876816.600822   -3.4917 -0.443563 -0.102188 -0.0130764 0.682473 0.119103 0.721023
1311876816.864973  -3.51647   -0.4397 -0.106324 -0.0130729 0.724969 0.122972 0.677589
1311876817.233331  -3.55005 -0.436634  -0.10531 -0.0160226 0.771992 0.124896 0.623035
1311876817.301716  -3.55884 -0.438195  -0.10536 -0.01578 0.780474 0.126648 0.612022
1311876817.468954  -3.56831 -0.435133 -0.100137 -0.0165983 0.797015 0.126143 0.590406
1311876817.566764   -3.59789  -0.453787 -0.0946782 -0.0226564 0.812461 0.12588 0.568813
1311876817.599626   -3.59719  -0.455671 -0.0897042 -0.0236541 0.816521 0.125457 0.563022
1311876817.932941   -3.62158  -0.450023 -0.0915477 -0.0225546 0.850714 0.129945 0.508813
1311876818.033258    -3.6261  -0.452395 -0.0886448 -0.0235658 0.857506 0.13012 0.497188
1311876818.066746   -3.62279  -0.446481 -0.0819574 -0.0242956 0.868124 0.129027 0.478668
1311876818.133259    -3.6326  -0.446609 -0.0818375 -0.0236707 0.870754 0.12894 0.473921
1311876818.433567   -3.65753  -0.444003 -0.0706542 -0.0224073 0.896941 0.129753 0.422089
1311876818.501299   -3.66333  -0.445521 -0.0680994 -0.0222804 0.902395 0.13047 0.410078
1311876818.566813   -3.66976  -0.442986 -0.0639878 -0.0225716 0.905143 0.130234 0.404036
1311876818.600789   -3.66519   -0.43767 -0.0668523 -0.0232364 0.911237 0.131408 0.389666
1311876818.636339   -3.66839  -0.439649 -0.0619089 -0.0250509 0.914348 0.132571 0.381791
1311876818.666847   -3.6708 -0.443217 -0.055055 -0.0262717 0.91674 0.134353 0.375295
1311876818.737792   -3.69331  -0.454476 -0.0382674 -0.025889 0.918915 0.136111 0.369323
1311876818.799603   -3.70031  -0.449666 -0.0228527 -0.0264487 0.927506 0.133154 0.348286
1311876818.869326    -3.71546   -0.459355 0.000512968 -0.0272228 0.932201 0.131919 0.335942
1311876818.938568  -3.74146 -0.465088 0.0216864 -0.0221991 0.936454 0.129262 0.325349
1311876819.199388  -3.78669 -0.456919 0.0857009 -0.0225219 0.952847 0.128155 0.274138
1311876819.235577  -3.78376 -0.462133 0.0869013 -0.0219822 0.95479 0.127422 0.267687
1311876819.302566  -3.75818 -0.440439 0.0898803 -0.0236525 0.959949 0.124349 0.249952
1311876819.335257  -3.78785 -0.454663  0.116966 -0.0230577 0.960053 0.127585 0.247969
1311876819.401922  -3.79782 -0.455104  0.135468 -0.0228782 0.962019 0.126023 0.241068
1311876819.468978 -3.77617 -0.45735 0.118264 -0.0283584 0.966074 0.129938 0.221388
1311876819.538616  -3.79177 -0.465969  0.160795 -0.0288903 0.970209 0.130882 0.201814
1311876819.601979  -3.80082 -0.459627  0.168122 -0.028774 0.972726 0.130831 0.189364
1311876819.670536  -3.80865 -0.463401  0.189478 -0.0289059 0.97538 0.12984 0.175895
1311876819.738574  -3.81944 -0.463524  0.210416 -0.028143 0.977491 0.12865 0.164827
1311876819.767927  -3.82266 -0.472999  0.237225 -0.0303732 0.978625 0.12849 0.157674
1311876819.838451  -3.81802 -0.465439  0.240223 -0.0305617 0.979518 0.125763 0.154254
1311876819.905197  -3.83313 -0.464543  0.252823 -0.0288027 0.97983 0.127923 0.150798
1311876819.936481  -3.83839 -0.473267  0.271175 -0.0276953 0.980204 0.131689 0.145227
1311876820.006400  -3.83946 -0.477194   0.30145 -0.0290066 0.981453 0.131414 0.136526
1311876820.070966  -3.84262 -0.479865  0.319711 -0.0303106 0.982116 0.130381 0.132399
1311876820.170480  -3.84651 -0.481539  0.345612 -0.0300222 0.982853 0.127936 0.129349
1311876820.237034  -3.85946 -0.480613  0.368134 -0.0276962 0.982728 0.127261 0.131467
1311876820.306669  -3.87697 -0.483784   0.38201 -0.0249316 0.981902 0.129048 0.136358
1311876820.367749  -3.87975 -0.486423  0.411977 -0.0264273 0.981298 0.129915 0.139563
1311876820.438217  -3.88666 -0.487158  0.416422 -0.0277039 0.980739 0.130287 0.142859
1311876820.505077  -3.88711 -0.489636  0.435238 -0.0292714 0.980319 0.128543 0.146952
1311876820.537045  -3.89761 -0.489222  0.455962 -0.0300394 0.978979 0.127135 0.156636
1311876820.638640   -3.9101 -0.494242  0.482077 -0.0283154 0.977158 0.129666 0.165972
1311876820.704911  -3.90907 -0.497582   0.50009 -0.028214 0.974981 0.135092 0.174257
1311876820.768296  -3.91531 -0.495335  0.515904 -0.0283502 0.973275 0.133866 0.184424
1311876820.837832  -3.91886 -0.503564  0.539692 -0.0287937 0.97108 0.131926 0.196899
1311876820.868597   -3.9224 -0.501776  0.556245 -0.0286154 0.970775 0.129559 0.19998
1311876820.937449  -3.93247 -0.506918   0.56742 -0.0272167 0.969413 0.131115 0.205685
1311876821.006295  -3.93637 -0.508455  0.586816 -0.0272867 0.967142 0.13205 0.215532
1311876821.035439  -3.93903 -0.507333  0.601342 -0.0271114 0.964279 0.133088 0.227416
1311876821.072549  -3.94798 -0.507191  0.607628 -0.0261572 0.962507 0.132582 0.235199
1311876821.137758  -3.95706 -0.508286  0.622939 -0.0247639 0.960902 0.133237 0.241459
1311876821.205013  -3.97477 -0.513669  0.655704 -0.0228318 0.955975 0.134371 0.259876
1311876821.371074  -3.98871 -0.518614  0.667283 -0.0234312 0.948802 0.139707 0.282326
1311876821.403570  -3.99542 -0.523931  0.680022 -0.0239949 0.946768 0.141941 0.287935
1311876821.435172  -4.01082 -0.521713  0.697328 -0.0223827 0.946194 0.136423 0.292582
1311876821.505586  -4.01717 -0.511661  0.702902 -0.0208815 0.945492 0.133277 0.296388
1311876821.571169  -4.03464 -0.531972  0.740248 -0.0223393 0.943316 0.133568 0.303009
1311876821.603022  -4.05559 -0.548873  0.772394 -0.0199075 0.942782 0.132519 0.305293
1311876821.673480  -4.03484 -0.523201  0.778522 -0.0159388 0.944006 0.12231 0.306005
1311876821.737890  -4.02812 -0.512594  0.779772 -0.0145765 0.944594 0.122677 0.304107
1311876821.804768   -4.0242 -0.500191  0.788461 -0.0228966 0.944155 0.125759 0.303698
1311876821.836158  -4.05248 -0.527982  0.812744 -0.0269161 0.942077 0.131409 0.307405
1311876821.871301  -4.05649 -0.527038  0.816592 -0.0264958 0.94365 0.129106 0.303569
1311876822.274024  -4.05806 -0.521512  0.814343 -0.0250703 0.944158 0.128957 0.302171
1311876822.341173  -4.06357 -0.521766  0.825819 -0.0259073 0.943242 0.130534 0.304276
1311876822.405635 -4.08257  -0.5335 0.850562 -0.0254401 0.942978 0.132244 0.304396
1311876822.473455  -4.10056 -0.545646  0.872017 -0.0251746 0.943096 0.132423 0.303973
1311876822.541855  -4.11479 -0.542354  0.882478 -0.0234399 0.942853 0.130278 0.30579
1311876822.605520  -4.11732 -0.538391  0.895745 -0.0222982 0.943352 0.128677 0.305013
1311876822.640013  -4.12446 -0.542142  0.901933 -0.020362 0.943113 0.124613 0.307564
1311876822.705520  -4.13401 -0.541179  0.917576 -0.0204019 0.943744 0.123746 0.30597
1311876822.739152   -4.1413 -0.544808  0.927196 -0.0210809 0.943214 0.124055 0.307429
1311876822.772840  -4.16185 -0.552426  0.950563 -0.0225099 0.943637 0.124498 0.305847
1311876822.842077  -4.16837 -0.554777  0.959084 -0.0237524 0.942512 0.127439 0.308004
1311876822.904715  -4.17037 -0.559187  0.972742 -0.0259504 0.942876 0.129439 0.305871
1311876822.970991 -4.17871 -0.56172 0.992059 -0.0256088 0.942875 0.130746 0.305347
1311876823.003344  -4.19173 -0.566889   1.01025 -0.0249274 0.943009 0.130221 0.305212
1311876823.040825  -4.19531 -0.568512   1.01592 -0.0253874 0.943024 0.128411 0.305895
1311876823.173108  -4.20705 -0.569506   1.04158 -0.0266769 0.943304 0.12697 0.305522
1311876823.241664   -4.2477 -0.588305   1.07297 -0.0269102 0.942049 0.129171 0.308438
1311876823.305941  -4.25921 -0.584819   1.08386 -0.0254074 0.941967 0.128174 0.30923
1311876823.403179  -4.27271 -0.584691   1.09642 -0.0220339 0.942188 0.125978 0.309719
1311876823.473732  -4.28363 -0.589597   1.11112 -0.0216498 0.941871 0.126921 0.310324
1311876823.541365  -4.29752 -0.589715   1.12748 -0.0203534 0.942196 0.126406 0.309636
1311876823.571250  -4.31084 -0.590363   1.14053 -0.0203035 0.942677 0.126371 0.308186
1311876823.608392 -4.31892 -0.59339  1.15469 -0.0211215 0.943036 0.128043 0.306337
1311876823.640286 -4.32844 -0.59303  1.15889 -0.0198404 0.943171 0.127088 0.306404
1311876823.740011   -4.3455 -0.596653   1.18285 -0.020944 0.945024 0.126185 0.300947
1311876823.807147  -4.32581 -0.583976   1.17529 -0.0203966 0.946783 0.123214 0.296655
1311876823.840589 -4.35541 -0.60007  1.19414 -0.0223272 0.946327 0.126091 0.296762
1311876823.909357 -4.36938 -0.60245  1.21515 -0.0207866 0.948451 0.126215 0.289964
1311876823.974333  -4.35406 -0.584641   1.21029 -0.0192337 0.949997 0.124292 0.285812
1311876824.039354  -4.38046 -0.606745   1.25409 -0.0214843 0.950673 0.126553 0.282389
1311876824.109974  -4.41099 -0.626836   1.28298 -0.0216683 0.952115 0.127417 0.277077
1311876824.244384 -4.42077 -0.62399  1.31113 -0.0237676 0.957735 0.123053 0.258916
1311876824.372907  -4.42683 -0.597398   1.32134 -0.0220486 0.958173 0.126439 0.255794
1311876824.542706  -4.34683 -0.615388   1.32813 -0.024829 0.968643 0.117209 0.217663
1311876824.617044   -4.3677 -0.571454   1.34531 -0.0203496 0.970793 0.103435 0.21552
1311876824.678891    -4.362 -0.574158     1.346 -0.0219174 0.974227 0.104357 0.198773
1311876824.739557  -4.36743 -0.575391   1.34783 -0.0221486 0.976754 0.105952 0.185025
1311876825.379202  -4.37672 -0.582077   1.34905 -0.0218734 0.978435 0.108377 0.174474
1311876825.443001  -4.38137 -0.581976   1.35059 -0.0194324 0.98113 0.10657 0.160155
1311876825.511318  -4.38489 -0.577552   1.35016 -0.0187162 0.983752 0.102411 0.146267
1311876825.578755  -4.40106 -0.574619   1.34248 -0.017126 0.985175 0.105094 0.134507
1311876825.608336  -4.41146 -0.579058   1.34416 -0.0164079 0.986759 0.108094 0.119808
1311876825.679433  -4.40991 -0.566975   1.33694 -0.0167574 0.987648 0.108408 0.111881
1311876825.743788  -4.40782 -0.577708   1.36459 -0.0181229 0.989922 0.106726 0.0913017
1311876825.911335  -4.41027 -0.578354   1.38225 -0.0175761 0.992445 0.102438 0.0651937
1311876825.943821   -4.4092 -0.573389   1.39353 -0.0169019 0.993399 0.101065 0.0515624
1311876826.010922  -4.40825 -0.572616   1.40177 -0.0171586 0.993863 0.102445 0.0380369
1311876826.079837  -4.41113 -0.574228   1.40858 -0.0166374 0.994222 0.100883 0.0326978
1311876826.146339  -4.40988 -0.577323    1.4255 -0.0166751 0.994736 0.0996186 0.0172657
1311876826.347083  -4.40768 -0.569818   1.45712 -0.0176751 0.995094 0.0947629 -0.0222509
1311876826.411962  -4.41534 -0.573763   1.47064 -0.0155442 0.994816 0.0947312 -0.0335402
1311876826.444175   -4.4152 -0.570554   1.47477 -0.0149699 0.994337 0.094084 -0.0471001
1311876826.510393  -4.41225 -0.573063   1.48137 -0.0159595 0.993966 0.0941368 -0.0539962
1311876826.544142 -4.41513 -0.57141  1.48951 -0.0153255 0.993341 0.0927309 -0.0666248
1311876826.611600  -4.40862 -0.574179   1.49771 -0.0167365 0.992713 0.0931579 -0.0745751
1311876826.643909  -4.41027 -0.572422   1.50611 -0.0167584 0.991778 0.0922921 -0.0870491
1311876826.711604  -4.40652 -0.572641   1.50857 -0.0168808 0.991088 0.0926266 -0.0942299
1311876826.779027  -4.40848 -0.570647   1.51811 -0.0158014 0.989985 0.0921699 -0.10576
1311876826.808383  -4.40819 -0.569985    1.5285 -0.0143708 0.988445 0.0936833 -0.118296
1311876826.946959  -4.40568 -0.566548   1.54692 -0.0138342 0.985244 0.0930105 -0.143008
1311876826.976088  -4.40545 -0.568637   1.55285 -0.0134463 0.984238 0.0937592 -0.149344
1311876827.147419 -4.40139  -0.5657  1.57699 -0.0114612 0.97932 0.0984203 -0.176394
1311876827.347425 -4.38152  -0.5685  1.62714 -0.0119383 0.971727 0.0919772 -0.217126
1311876827.376114  -4.37368 -0.572623   1.64746 -0.0111539 0.969044 0.0927054 -0.228548
1311876827.415464  -4.36935 -0.572898   1.65281 -0.0115674 0.967505 0.0926349 -0.234987
1311876827.512142  -4.35438 -0.577157   1.67919 -0.0115163 0.962656 0.0921297 -0.254307
1311876827.545558  -4.34407 -0.574978   1.68695 -0.0126413 0.960859 0.0900554 -0.261689
1311876827.576094  -4.34064 -0.572932   1.69928 -0.0118951 0.959278 0.0894081 -0.267677
1311876827.855201 -4.31504 -0.57229  1.75533 -0.00952737 0.946592 0.0875559 -0.310173
1311876827.915041 -4.29686 -0.57236  1.77233 -0.0101547 0.941962 0.0870196 -0.324087
1311876828.012929  -4.26689 -0.566476   1.81193 -0.0104528 0.934507 0.084857 -0.345524
1311876828.079003 -4.26225 -0.58124  1.81283 -0.00877612 0.932643 0.086044 -0.35028
1311876828.214514  -4.24283 -0.576963   1.84162 -0.008203 0.924329 0.0825709 -0.372465
1311876828.375770 -4.19587 -0.57268  1.88176 -0.00703533 0.918568 0.0826539 -0.386462
1311876828.412337 -4.19369 -0.58102  1.88709 -0.00481867 0.91817 0.083737 -0.387207
1311876828.614645  -4.15434 -0.574101   1.92499 -0.0073283 0.917111 0.0811388 -0.390218
1311876828.644487 -4.13815 -0.57585  1.94122 -0.00627307 0.916998 0.0807391 -0.390585
1311876828.711214  -4.13144 -0.574411   1.94983 -0.00538631 0.917109 0.0811093 -0.390261
1311876828.983144  -4.07778 -0.576447     2.003 -0.00349182 0.919747 0.0823535 -0.38376
1311876829.114189  -4.04188 -0.576247    2.0325 -0.00212013 0.926578 0.0830124 -0.366821
1311876829.245910  -4.02038 -0.575671   2.05411 -0.00271603 0.93221 0.0823911 -0.352404
1311876829.314543  -4.00268 -0.574676   2.07271 -0.00322372 0.935709 0.0828234 -0.342898
1311876829.343898  -3.99102 -0.577762   2.08393 -0.00304068 0.938802 0.0853883 -0.333693
1311876829.414782  -3.97877 -0.576844   2.09091 -0.00496811 0.940044 0.0863454 -0.329905
1311876829.483385  -3.96746 -0.575868   2.10915 -0.00396496 0.943181 0.087789 -0.320447
1311876829.580003  -3.94194 -0.580187   2.13515 -0.00349944 0.948821 0.0903487 -0.302596
1311876829.715270  -3.92806 -0.577666   2.15278 -0.00441195 0.951675 0.0918463 -0.293018
1311876829.915125  -3.88568 -0.587341   2.20712 -0.00728943 0.956153 0.0928529 -0.277664
1311876829.948768 -3.87623 -0.59079  2.21999 -0.00854748 0.957359 0.0929576 -0.273405
1311876829.980008 -3.87031 -0.58728  2.23139 -0.00896988 0.957855 0.0920962 -0.271939
1311876830.012707  -3.86572 -0.587455   2.23517 -0.00948199 0.958194 0.0930874 -0.270386
1311876830.050411  -3.85931 -0.589164   2.24326 -0.0112357 0.958681 0.0935903 -0.268412
1311876830.183368  -3.83608 -0.593383   2.27529 -0.0131578 0.960286 0.0929865 -0.262738
1311876830.315118  -3.82278 -0.600812   2.30171 -0.0124462 0.961422 0.0905414 -0.259451
1311876830.482671  -3.78459 -0.608693   2.36226 -0.0148567 0.962516 0.0878343 -0.256179
1311876830.682875  -3.78015 -0.593438   2.40201 -0.0159661 0.965742 0.0821059 -0.245656
1311876830.750625  -3.77028 -0.596737   2.42139 -0.0146676 0.966768 0.0828071 -0.241427
1311876830.781545  -3.76245 -0.598472   2.43414 -0.0142757 0.967893 0.083951 -0.2365
1311876830.812157  -3.75771 -0.602592   2.44131 -0.014216 0.968335 0.0843826 -0.234529
1311876830.848273  -3.75212 -0.601919   2.44954 -0.0150053 0.968833 0.0837966 -0.232628
1311876830.983467  -3.73515 -0.603653   2.47415 -0.0156489 0.970885 0.0840893 -0.223756
1311876831.051517  -3.72716 -0.597145   2.48386 -0.0170832 0.972238 0.0842736 -0.217623
1311876831.080323  -3.72151 -0.597032   2.49971 -0.0180116 0.973839 0.085795 -0.209649
1311876831.150778  -3.71546 -0.601473   2.50551 -0.0177104 0.974283 0.0880689 -0.206648
1311876831.219111  -3.70788 -0.596954   2.52292 -0.0181477 0.975921 0.0885727 -0.198505
1311876831.419530  -3.69229 -0.604995   2.55638 -0.0155072 0.981952 0.0921726 -0.164417
1311876831.448298  -3.68646 -0.605823   2.57033 -0.0168664 0.98386 0.0944321 -0.151052
1311876831.519307  -3.68268 -0.603899   2.59548 -0.017514 0.984889 0.0947187 -0.143927
1311876831.619334  -3.67385 -0.605523   2.62975 -0.0158895 0.988705 0.092644 -0.116731
1311876831.750770  -3.66942 -0.605986   2.66079 -0.014706 0.991028 0.092626 -0.0952242
1311876831.818456  -3.66493 -0.602705   2.67567 -0.0155372 0.992148 0.093315 -0.0818064
1311876832.147726 -3.65395 -0.61414  2.78894 -0.0148391 0.995108 0.0965667 -0.0146231
1311876832.183676  -3.65335 -0.613309   2.80804 -0.0150156 0.995157 0.0971445 -0.000802858
1311876832.318316  -3.65206 -0.621278   2.83544 -0.0155877 0.994669 0.100206 0.0186804
1311876832.415602  -3.65344 -0.621085   2.87247 -0.0141134 0.993831 0.100293 0.0451866
1311876832.447942  -3.65498 -0.627575   2.88039 -0.0131854 0.993299 0.102238 0.0522501
1311876832.483927  -3.65485 -0.626211   2.89317 -0.0137834 0.993016 0.101182 0.059089
1311876832.517325  -3.65805 -0.630915   2.90001 -0.012894 0.992567 0.101858 0.0653407
1311876832.683787  -3.66349 -0.634173   2.95432 -0.0131934 0.990588 0.100359 0.0921387
1311876832.751428  -3.66217 -0.635994   2.96104 -0.0129253 0.990162 0.100109 0.0969065
1311876832.818449   -3.6711 -0.654466   2.96437 -0.0138209 0.988891 0.101678 0.107538
1311876832.884226   -3.6755 -0.658871   2.99143 -0.015208 0.987243 0.100202 0.122802
1311876832.987081  -3.68321 -0.657541   3.02126 -0.0159355 0.986081 0.098119 0.133281
1311876833.118121  -3.69306 -0.660258   3.05262 -0.0181885 0.984674 0.102021 0.140279
1311876833.249876  -3.70855 -0.665573   3.09272 -0.0187834 0.984145 0.102113 0.1438
1311876833.352535 -3.71609 -0.66986  3.12989 -0.0218195 0.985334 0.102179 0.134911
1311876833.617011 -3.73944 -0.66959  3.18917 -0.0223952 0.988593 0.10323 0.107356
1311876833.684380  -3.74499 -0.673888   3.21422 -0.0233712 0.989802 0.102857 0.0957364
1311876833.717606  -3.75141 -0.676451   3.23571 -0.0227652 0.991119 0.101803 0.0824721
1311876833.788166  -3.75389 -0.679198   3.24383 -0.021806 0.991632 0.102214 0.0757761
1311876833.918246  -3.74384 -0.669649   3.29411 -0.0183778 0.993432 0.102131 0.0482029
1311876834.115924   -3.7483 -0.675115   3.35212 -0.0196218 0.994885 0.0987032 0.00871832
1311876834.151762 -3.74989 -0.67746  3.37517 -0.0187748 0.994832 0.0996485 -0.00525591
1311876834.286773  -3.74948 -0.683465   3.41129 -0.0181315 0.994478 0.100466 -0.0243079
1311876834.451832 -3.74299 -0.68066    3.463 -0.0183952 0.993196 0.0952955 -0.0643556
1311876834.519657  -3.73841 -0.691635   3.48776 -0.0181792 0.992558 0.0967743 -0.0716493
1311876834.621245  -3.73489 -0.688658   3.50085 -0.0191458 0.991153 0.0944204 -0.0912929
1311876834.651623  -3.73178 -0.686874   3.52044 -0.0197938 0.990097 0.0925751 -0.103665
1311876834.722807  -3.73236 -0.684877   3.53103 -0.0196131 0.989557 0.0916045 -0.109549
1311876834.751968  -3.72985 -0.687452   3.54855 -0.0175473 0.988003 0.0920555 -0.122748
1311876834.823310   -3.7271 -0.691943   3.56514 -0.0162543 0.986286 0.0923829 -0.1358
1311876834.952931  -3.72349 -0.685252    3.5846 -0.0173734 0.983662 0.0889309 -0.155561
1311876834.983986  -3.71707 -0.687036   3.60451 -0.0171704 0.981548 0.0881222 -0.168831
1311876835.019946  -3.71325 -0.683029   3.61879 -0.0171391 0.980359 0.0887735 -0.175274
1311876835.083898  -3.71304 -0.683223   3.61905 -0.0168072 0.979326 0.0887431 -0.181002
1311876835.155540  -3.70151 -0.693902   3.64807 -0.0157206 0.976724 0.0900518 -0.194046
1311876835.251682  -3.69134 -0.687111   3.68073 -0.0177236 0.971861 0.0837525 -0.219448
1311876835.322923  -3.69084 -0.682525   3.67567 -0.0184324 0.970337 0.0823395 -0.226553
1311876835.419867 -3.67068 -0.68603  3.71965 -0.0158461 0.964049 0.0828273 -0.251987
1311876835.583797  -3.65126 -0.683583   3.76261 -0.014482 0.955729 0.0807244 -0.282587
1311876835.622782 -3.64664 -0.68365  3.77145 -0.0145259 0.953884 0.0802831 -0.288874
1311876835.652936  -3.64369 -0.678407   3.77938 -0.013989 0.952181 0.0783414 -0.294989
1311876835.754370  -3.63687 -0.680048   3.79697 -0.0124264 0.948375 0.0779182 -0.307179
1311876835.783625  -3.62657 -0.680653   3.81319 -0.0117436 0.944284 0.0771068 -0.319756
1311876835.854693   -3.6205 -0.679455    3.8245 -0.0112279 0.942318 0.0763356 -0.325706
1311876835.887979    -3.608 -0.681163   3.84079 -0.0109574 0.937812 0.0764203 -0.338449
1311876835.920645    -3.605 -0.679972   3.84644 -0.0105965 0.935815 0.0754021 -0.344169
1311876835.954148  -3.59917 -0.677797   3.85308 -0.0108552 0.933483 0.0756753 -0.350379
1311876836.022210   -3.5889 -0.676766   3.86839 -0.00932191 0.928849 0.0756314 -0.362536
1311876836.151774  -3.56219 -0.682321   3.89492 -0.00888803 0.92122 0.0754624 -0.38155
1311876836.255202  -3.53662 -0.673314   3.91643 -0.0108046 0.911004 0.0728272 -0.405773
1311876836.352795  -3.51119 -0.678149   3.93405 -0.00840234 0.902631 0.0726688 -0.424154
1311876836.453447  -3.49485 -0.673818   3.94888 -0.00837888 0.894513 0.0716064 -0.441189
1311876836.489051  -3.48655 -0.678806   3.96088 -0.00796968 0.891754 0.0718179 -0.446715
1311876836.621202 -3.47045 -0.65473  3.94103 -0.0101201 0.880592 0.0684922 -0.46879
1311876836.652213  -3.42503 -0.676895    3.9762 -0.00871566 0.875003 0.0703524 -0.478898
1311876836.790543  -3.39818 -0.674324   3.98968 -0.00843727 0.866471 0.0688753 -0.494382
1311876836.855230  -3.37757 -0.670318   4.00194 0.00856207 -0.861563 -0.0672706 0.5031
1311876836.887657  -3.36136 -0.670844   4.01404 0.00742844 -0.856618 -0.0647983 0.511813
1311876837.090694  -3.31001 -0.670689   4.04173 0.00701709 -0.843008 -0.0618999 0.534281
1311876837.119886  -3.28929 -0.669389   4.04915 0.00750276 -0.838509 -0.0603548 0.541483
1311876837.322918  -3.23907 -0.656495   4.07346 0.00115202 -0.833358 -0.0567997 0.549806
1311876837.390707  -3.22651 -0.661135   4.08177 -0.000368724 -0.833114 -0.0579468 0.550057
1311876837.591280  -3.16946 -0.656962   4.09619 0.00366501 -0.835718 -0.0558959 0.546295
1311876837.690738  -3.14449 -0.651388   4.10023 0.0057376 -0.84039 -0.0548098 0.539174
1311876837.828893  -3.09872 -0.655994   4.12341 0.00768329 -0.845811 -0.0541985 0.530667
1311876837.987366  -3.06053 -0.626834   4.12689 0.0145967 -0.843112 -0.0522149 0.534998
1311876838.058848  -3.04726 -0.653561   4.13402 0.00830027 -0.84424 -0.059268 0.532614
1311876838.087736  -3.05863 -0.643173   4.12179 0.0128381 -0.84299 -0.0571073 0.534735
1311876838.158818  -3.05685 -0.642443   4.12234 0.0120663 -0.843328 -0.0566195 0.534272
1311876838.188212  -3.05588 -0.642957   4.12332 0.0120486 -0.843319 -0.0570815 0.534237
1311876838.259327  -3.05876 -0.638884   4.12216 0.0128406 -0.84348 -0.0572921 0.533943
1311876838.491253  -3.05399 -0.641287   4.12926 0.00803428 -0.842822 -0.0639031 0.534325
1311876838.523433 -3.04703 -0.64325  4.13146 0.00745513 -0.842691 -0.0651793 0.534386
1311876838.591497  -3.04363 -0.644527   4.13216 0.00750464 -0.842199 -0.0654171 0.535132
1311876838.658875  -3.03548 -0.641959   4.13501 0.00761432 -0.841572 -0.0652202 0.536139
1311876838.927475  -2.96824 -0.654036   4.17435 0.0100283 -0.835432 -0.0617419 0.546022
1311876839.161470  -2.90161 -0.635972   4.20177 0.0117922 -0.81039 -0.0533063 0.583341
1311876839.256977  -2.87498 -0.631436   4.20879 0.0126376 -0.798251 -0.0520639 0.599938
1311876839.327293  -2.86908 -0.629791   4.21075 0.0126336 -0.794189 -0.0515586 0.605348
1311876839.558065  -2.78336 -0.625924   4.23223 0.00936386 -0.761036 -0.0474853 0.646902
1311876839.627172  -2.79873 -0.613598   4.22265 0.0101858 -0.757264 -0.0440367 0.651543
1311876839.655735   -2.7629 -0.618586   4.23473 0.00769726 -0.748972 -0.0452877 0.661007
1311876839.695293  -2.75755 -0.620767   4.23271 0.00835695 -0.7445 -0.0450015 0.666051
1311876839.758810 -2.75106 -0.59284  4.24075 0.00948971 -0.740513 -0.041742 0.670677
1311876839.859812  -2.71513 -0.623021   4.23433 0.00637503 -0.720643 -0.0470665 0.691677
1311876840.026827  -2.67333 -0.623534    4.2442 0.00620092 -0.703157 -0.0409122 0.709829
1311876840.095299   -2.6519 -0.626862   4.24433 0.00323518 -0.694192 -0.0404354 0.718646
1311876840.194715  -2.63375 -0.618067   4.24138 0.00791413 -0.680058 -0.037373 0.732163
1311876840.259263  -2.62663 -0.609286   4.23857 0.0092094 -0.66911 -0.0355496 0.742256
1311876840.827096  -2.64627 -0.488219   4.20686 0.00900874 -0.654214 0.00271331 0.756251
1311876841.024251  -2.57648 -0.471383   4.19278 0.0116189 -0.652181 0.00254805 0.75797
1311876841.061571 -2.55648 -0.48414  4.19137 0.00665256 -0.654143 -0.0019478 0.756339
1311876841.160910  -2.52823 -0.482305   4.18491 0.00937858 -0.653032 -0.000263807 0.757272
1311876841.194533  -2.52773 -0.470476   4.18685 0.0118842 -0.653312 -0.000195122 0.756996
1311876841.262922 -2.52803 -0.48282  4.18357 0.00897149 -0.652585 -0.00140816 0.757661
1311876841.391903  -2.46437 -0.465268   4.17438 0.00829449 -0.650987 0.000959295 0.759043
1311876841.563014  -2.40142 -0.468272   4.16255 0.00681582 -0.651055 -0.000630137 0.759
1311876841.663394  -2.38282 -0.460834      4.16 0.0105938 -0.647096 0.0019427 0.762333
1311876841.692947  -2.35306 -0.466074   4.15252 0.00450815 -0.645896 -0.0023728 0.763408
1311876841.724190  -2.35306 -0.459259   4.15772 0.00838747 -0.645033 0.000239928 0.764109
1311876841.795458   -2.3802 -0.444028   4.15893 0.0102752 -0.640011 0.00181014 0.768295
1311876841.863854  -2.34185 -0.455543   4.15327 0.00472607 -0.636383 -0.00111629 0.771358
1311876841.894458  -2.30904 -0.455084   4.15008 0.00592704 -0.62885 0.00134464 0.777503
1311876841.995490  -2.28676 -0.449075   4.14379 0.00744169 -0.618203 0.00351112 0.785976
1311876842.095665  -2.25442 -0.428213   4.14819 0.0055307 -0.599767 0.0116971 0.80007
1311876842.195307  -2.23787 -0.435369    4.1444 0.00334685 -0.589592 0.0129365 0.807591
1311876842.227674  -2.21631 -0.433629   4.13292 -0.00148326 -0.579147 0.0113191 0.815143
1311876842.463217  -2.16855 -0.417938   4.12029 -0.000792666 -0.544637 0.0170251 0.838498
1311876842.561297  -2.12895 -0.421008   4.10828 -0.00443826 -0.526191 0.0222205 0.850065
1311876842.660602  -2.13008 -0.404681   4.10087 -0.00353592 -0.51574 0.023078 0.856427
1311876842.828441  -2.10052 -0.406103   4.06267 -0.0249218 -0.491697 0.0096035 0.870357
1311876842.859715  -2.07887 -0.490295   4.03366 -0.0415403 -0.496543 0.0155689 0.866878
1311876842.891709  -2.15193 -0.329632   4.08246 0.00116101 -0.495191 0.0321215 0.868189
1311876842.927402  -2.11795 -0.350795   4.02934 -0.014539 -0.490576 0.0182038 0.871087
1311876842.959227  -1.98788 -0.499072   4.01772 -0.0481267 -0.503978 0.00823552 0.862335
1311876843.028317  -1.95978 -0.470385   3.99153 -0.0568086 -0.505755 0.0172048 0.860633
1311876843.094543  -1.81891 -0.451159   3.90327 -0.0386742 -0.506036 0.0211202 0.861386
1311876843.398607  -1.80077 -0.633778   3.79598 -0.0463646 -0.490785 0.0159995 0.869899
1311876843.431438  -1.76361 -0.653381   3.77804 -0.0519358 -0.4939 0.0118074 0.867886
1311876843.459717   -1.7661 -0.645406   3.78321 -0.0481771 -0.492341 0.0145095 0.868947
1311876843.496963  -1.75458 -0.647761   3.77063 -0.0482352 -0.491031 0.0148736 0.869678
1311876843.563112  -1.74213 -0.644955   3.76676 -0.0469108 -0.492929 0.0163766 0.86865
1311876843.595414  -1.71747 -0.640714   3.75152 -0.0506604 -0.493287 0.0134419 0.868286
1311876843.628163   -1.7192 -0.648523   3.75298 -0.0476229 -0.494433 0.0105944 0.867846
1311876843.828774  -1.66481 -0.643795   3.71631 -0.0484394 -0.491482 0.0106104 0.869475
1311876844.059758   -1.6168 -0.620079   3.68926 -0.0500492 -0.478771 0.00742901 0.876481
1311876844.159693  -1.60618 -0.639316   3.69931 -0.049524 -0.470726 0.0103532 0.880827
1311876844.195860  -1.60872 -0.667814   3.68138 -0.0548586 -0.470038 0.00244187 0.880936
1311876844.231225  -1.60652 -0.677163    3.6703 -0.050532 -0.464617 0.00343883 0.884062
1311876844.296922 -1.64467 -0.63319  3.69096 -0.0363921 -0.456151 0.00881633 0.889114
1311876844.327395  -1.58222 -0.657655     3.658 -0.038572 -0.4522 0.00815209 0.891045
1311876844.397581  -1.62009 -0.516777   3.66098 -0.022067 -0.446957 0.0177393 0.894107
1311876844.465041  -1.56241 -0.555925    3.6472 -0.0367534 -0.443412 0.0107407 0.8955
1311876844.566201  -1.62979 -0.508487   3.58511 -0.0311039 -0.421475 0.0147438 0.906186
1311876844.767830  -1.58618 -0.507681   3.55067 -0.0338464 -0.403198 0.0164218 0.914339
1311876844.830166  -1.57627 -0.507963   3.53869 -0.0348758 -0.39494 0.0168505 0.91789
1311876844.929990 -1.53347 -0.51372  3.49963 -0.0476846 -0.384525 0.0125665 0.921797
1311876845.029583  -1.5165 -0.50401  3.49082 -0.0416906 -0.37294 0.0189805 0.926724
1311876845.065309  -1.50083 -0.498761   3.47403 -0.0399178 -0.367181 0.0211441 0.929052
1311876845.130145  -1.51418 -0.486455   3.48788 -0.0348042 -0.362676 0.0213833 0.93102
1311876845.163110  -1.47946 -0.509159   3.40913 -0.0367832 -0.353856 0.0185381 0.934393
1311876845.395473  -1.46754 -0.494117   3.36729 -0.0374644 -0.324954 0.0206742 0.944761
1311876845.495295  -1.44512 -0.497594   3.33778 -0.0351735 -0.313022 0.0221245 0.948836
1311876845.566229  -1.43693 -0.460309   3.35509 -0.0244553 -0.310552 0.0297386 0.949776
1311876845.665781  -1.34782 -0.499607    3.2918 -0.036225 -0.299278 0.0275404 0.95308
1311876845.766257  -1.34168 -0.489361   3.26981 -0.0373294 -0.29007 0.0255306 0.955936
1311876845.833490 -1.32877 -0.49649  3.25965 -0.0360668 -0.283318 0.0270887 0.957965
1311876845.932752  -1.33593 -0.480843   3.23059 -0.0329867 -0.264738 0.0299834 0.963289
1311876846.034688  -1.31699 -0.484982   3.20923 -0.0376465 -0.258452 0.0292277 0.964848
1311876846.595264  -1.24281 -0.463716   3.05722 -0.0383152 -0.239138 0.0343809 0.96962
1311876846.695140   -1.2443 -0.445314   3.03487 -0.039443 -0.238038 0.0358899 0.969791
1311876846.732539  -1.23879 -0.449387   3.02376 -0.0422778 -0.238489 0.0336567 0.969641
1311876846.763049   -1.2496 -0.448652   3.02666 -0.0429465 -0.238649 0.0326746 0.969605
1311876846.834162   -1.2258 -0.453945   2.99756 -0.0465249 -0.238876 0.0316767 0.969417
1311876846.863269  -1.22167 -0.455265   2.98968 -0.0465631 -0.241861 0.0338953 0.9686
1311876846.934546  -1.17124 -0.463482   2.97306 -0.0487591 -0.24748 0.0376067 0.966934
1311876847.067005  -1.18565 -0.439916   2.94953 -0.0485561 -0.250547 0.041978 0.965974
1311876847.137919  -1.19381 -0.435776   2.92632 -0.0368278 -0.245339 0.0355946 0.968083
1311876847.202083  -1.17257 -0.450631   2.89894 -0.0416838 -0.243365 0.0335555 0.968457
1311876847.465862   -1.1421 -0.441282   2.82907 -0.0398148 -0.256691 0.0352378 0.96503
1311876847.506796  -1.15182 -0.437907   2.82719 -0.0377525 -0.256881 0.0365324 0.965014
1311876847.536993  -1.13755 -0.437781   2.81219 -0.03891 -0.258107 0.0358739 0.964666
1311876847.569130  -1.13948 -0.431677   2.80774 -0.0386698 -0.258493 0.0371019 0.964526
1311876847.633685  -1.12864 -0.436828   2.77529 -0.0260277 -0.257827 0.0418769 0.964932
1311876847.701652  -1.12772 -0.432778    2.7576 -0.0251214 -0.255546 0.0410256 0.965599
1311876848.001994 -1.10423 -0.40766  2.85649 -0.0587359 -0.268102 0.0934656 0.957045
1311876848.099157  -1.07631 -0.408768   2.81571 -0.0599031 -0.270274 0.0921161 0.956493
1311876848.234415  -1.06165 -0.419705   2.78452 -0.0575785 -0.270966 0.0924086 0.956411
1311876848.302357 -1.04609  -0.4243  2.76741 -0.0593255 -0.271934 0.0924047 0.95603
1311876848.370376  -1.04418 -0.414877   2.75847 -0.0551703 -0.271386 0.092724 0.956404
1311876848.602463 -1.05018 -0.39296  2.74532 -0.0483535 -0.270837 0.0966583 0.956539
1311876848.670580   -1.1204 -0.362098   2.74808 -0.0415079 -0.258915 0.10287 0.959509
1311876848.802866  -1.08256 -0.380012   2.71001 -0.0446032 -0.259271 0.100504 0.959525
1311876848.901982  -1.08697 -0.374335    2.6975 -0.0458176 -0.260425 0.102278 0.958967
1311876848.970179  -1.03398 -0.397377   2.66221 -0.0536193 -0.263411 0.0973712 0.958258
1311876848.999333 -1.06995 -0.36608  2.65843 -0.0494132 -0.255076 0.0965264 0.960821
1311876849.134760  -1.03417 -0.387953   2.61049 -0.0648978 -0.251493 0.0822382 0.962173
1311876849.202528 -0.833462   -0.4623   2.56204 -0.0761455 -0.266017 0.0816437 0.957482
1311876849.371023 -0.99124 -0.33637  2.67651 -0.065689 -0.265363 0.120027 0.95439
1311876849.438105 -0.979815 -0.354715   2.66599 -0.0682534 -0.266788 0.113408 0.954623
1311876849.601825 -0.983931 -0.305375   2.62053 -0.0464598 -0.256562 0.107551 0.959401
1311876849.671478 -0.952534 -0.301459   2.60436 -0.0467028 -0.262684 0.109949 0.957459
1311876849.770426 -0.940579 -0.295961   2.57493 -0.051564 -0.268412 0.10839 0.955797
1311876849.840247 -0.962981 -0.284857   2.59025 -0.0491356 -0.268311 0.112501 0.955478
1311876850.007562 -0.908068 -0.182833   2.56303 -0.0382894 -0.277943 0.112542 0.953213
1311876850.570090 -0.836127  -0.15687   2.48114 -0.0414025 -0.275339 0.115531 0.953481
1311876850.670332 -0.824634 -0.161008     2.456 -0.0434495 -0.269732 0.115328 0.955016
1311876850.769666 -0.814069 -0.155641   2.43487 -0.0412751 -0.261394 0.11595 0.957353
1311876850.806661 -0.810439   -0.1555   2.41705 -0.0409696 -0.255411 0.114756 0.959124
1311876851.135830 -0.757251 -0.153851   2.31798 -0.0463415 -0.230946 0.115128 0.965019
1311876851.270876 -0.761148 -0.142005   2.31047 -0.0468729 -0.224227 0.117986 0.966232
1311876851.338544 -0.750123 -0.136767   2.28731 -0.0491733 -0.217489 0.120103 0.967397
1311876851.506443 -0.720148 -0.141399   2.23353 -0.0519255 -0.20599 0.120337 0.969738
1311876852.039562 -0.676714 -0.131412   2.08106 -0.0489757 -0.163569 0.119025 0.9781
1311876852.239443 -0.657673 -0.140997   2.02126 -0.0567924 -0.148861 0.118487 0.98009
1311876852.306716 -0.655056 -0.123867   2.00581 -0.0509897 -0.143284 0.120632 0.980978
1311876852.374664 -0.649703 -0.118531   1.98972 -0.052344 -0.13964 0.122167 0.981242
1311876852.674397 -0.629837 -0.113452   1.90923 -0.0578335 -0.115717 0.124325 0.983772
1311876852.739144 -0.62338 -0.11716  1.88511 -0.0594222 -0.110434 0.124843 0.984219
1311876853.080784 -0.605433 -0.107702   1.80373 -0.0615471 -0.089056 0.127368 0.98593
1311876853.105035 -0.598925 -0.113537   1.78335 -0.0633484 -0.0842461 0.130021 0.985893
1311876853.171852 -0.597272 -0.109343   1.76436 -0.061059 -0.07919 0.13059 0.986381
1311876853.507892 -0.590312  -0.10977    1.6809 -0.0562247 -0.0701757 0.130628 0.987345
1311876853.573340  -0.594155 -0.0968976     1.6784 -0.0553031 -0.0686814 0.13329 0.987146
1311876853.642747   -0.58856 -0.0964867    1.68599 -0.0515724 -0.0672663 0.131625 0.987669
1311876853.974425   -0.58744 -0.0946032    1.66403 -0.0575832 -0.0683937 0.131932 0.987219
1311876854.074383 -0.586755 -0.094676   1.66438 -0.0577752 -0.0686635 0.132153 0.987159
1311876854.142288  -0.586613 -0.0941538    1.66409 -0.0575542 -0.0685462 0.131846 0.987221
1311876854.274107  -0.586715 -0.0946911    1.66259 -0.05763 -0.0684784 0.131883 0.987217
1311876854.342671  -0.587473 -0.0947409    1.66396 -0.0575839 -0.0684646 0.131839 0.987226
1311876854.410197  -0.587702 -0.0948017    1.66525 -0.0575133 -0.0684795 0.13175 0.987241
1311876854.441567    -0.5888 -0.0953084    1.66606 -0.0575112 -0.0684369 0.131811 0.987236
1311876854.540143  -0.587961 -0.0953535    1.66573 -0.0574555 -0.0685596 0.131654 0.987252
1311876854.640374 -0.587781 -0.095356   1.66586 -0.0575128 -0.0685326 0.131819 0.987228
1311876854.711030   -0.58782 -0.0952613     1.6672 -0.0574452 -0.0686406 0.132018 0.987198
1311876854.774641  -0.587659 -0.0947606    1.66781 -0.0572713 -0.0686986 0.132069 0.987197
1311876854.942654  -0.587933 -0.0954261    1.66783 -0.0572168 -0.068528 0.131815 0.987246
1311876854.971459  -0.588317 -0.0955433    1.66887 -0.057174 -0.06853 0.131645 0.987271
1311876855.010905  -0.589196 -0.0955126     1.6693 -0.057161 -0.0684228 0.131592 0.987286
1311876855.041049 -0.588666 -0.095252   1.66855 -0.0572213 -0.0685378 0.131724 0.987257
1311876855.071619  -0.589098 -0.0950339    1.66841 -0.057156 -0.068493 0.131721 0.987265
1311876855.242653  -0.589648 -0.0951382    1.66898 -0.0570899 -0.0683996 0.131375 0.987321
1311876855.310197 -0.590617 -0.094941   1.66964 -0.0569823 -0.0683549 0.131356 0.987333
1311876855.411518  -0.591184 -0.0956739    1.66999 -0.0570585 -0.0682735 0.131257 0.987347
1311876855.474041  -0.590697 -0.0958666    1.67058 -0.057069 -0.0683252 0.131209 0.987349
1311876855.542633  -0.591451 -0.0960271    1.67023 -0.0570426 -0.0682586 0.131188 0.987358
1311876855.678995  -0.591513 -0.0963064    1.67022 -0.0569377 -0.0682041 0.131014 0.987391
1311876855.742040  -0.591829 -0.0961252     1.6703 -0.0568559 -0.068155 0.131182 0.987377
1311876855.810710  -0.591608 -0.0959303    1.67012 -0.0567875 -0.0681708 0.131335 0.98736
1311876855.839122  -0.591788 -0.0950796    1.66955 -0.0566498 -0.0682028 0.131507 0.987342
1311876855.978639  -0.591945 -0.0951929     1.6701 -0.0566527 -0.0682627 0.131474 0.987343
1311876856.079088  -0.591843 -0.0950979    1.67028 -0.0566018 -0.0682941 0.131516 0.987338
1311876856.142181   -0.59162 -0.0955493    1.67041 -0.0566533 -0.0683563 0.131576 0.987322
1311876856.310274  -0.592479 -0.0963097    1.67086 -0.0564951 -0.0692284 0.131683 0.987256
1311876856.340464  -0.595844 -0.0967329     1.6732 -0.0560517 -0.0707672 0.131773 0.987161
1311876856.375995 -0.595617 -0.097635   1.67373 -0.0558171 -0.0720361 0.131894 0.987066
1311876856.441504  -0.601525 -0.0925564    1.67765 -0.0553596 -0.0734717 0.132067 0.986963
1311876856.510859  -0.600697 -0.0979477    1.67111 -0.0569836 -0.0791662 0.130327 0.986661
1311876856.608950   -0.59713 -0.0963686    1.65998 -0.0579475 -0.08328 0.129732 0.986345
1311876856.678185  -0.599464 -0.0967396    1.65723 -0.0604881 -0.0849203 0.129165 0.986127
1311876856.810757  -0.595647 -0.0925377    1.63843 -0.0608969 -0.0875636 0.130145 0.985742
1311876856.910157 -0.611471 -0.094251   1.62746 -0.0624526 -0.0866033 0.129725 0.985784
1311876856.944746  -0.610156 -0.0974222    1.61142 -0.0584261 -0.0861934 0.12929 0.986124
1311876857.010538  -0.610093 -0.0962882    1.60706 -0.0573265 -0.0851144 0.129899 0.986203
1311876857.078875  -0.612917 -0.0879982    1.59182 -0.0530146 -0.0838482 0.131007 0.986406
1311876857.145927    -0.6226 -0.0732279    1.57012 -0.0585683 -0.0838251 0.130872 0.986111
1311876857.210212   -0.62767 -0.0794718    1.55613 -0.0591272 -0.0852307 0.128721 0.986241
1311876857.410310 -0.624373 -0.122351   1.50623 -0.0661543 -0.102916 0.126111 0.984443
1311876857.478223 -0.621519 -0.133291   1.49142 -0.0619231 -0.112467 0.1254 0.983764
1311876857.507932 -0.617773 -0.081685   1.50252 -0.0539719 -0.123165 0.128462 0.982555
1311876857.578396  -0.624644 -0.0718381    1.48915 -0.0479634 -0.124804 0.125391 0.983057
1311876857.646130   -0.61416 -0.0805574    1.48808 -0.0479625 -0.141153 0.123036 0.981141
1311876857.675924  -0.619615 -0.0760296    1.47979 -0.043468 -0.15237 0.122959 0.979681
1311876857.709018  -0.616254 -0.0761319     1.4758 -0.0429035 -0.157333 0.122081 0.979031
1311876857.744937   -0.61771 -0.0769676    1.47587 -0.0414091 -0.161182 0.120908 0.978615
1311876857.778187  -0.616033 -0.0780009    1.47691 -0.0410995 -0.162703 0.119597 0.978537
1311876857.846362  -0.614961 -0.0768985    1.47714 -0.0409723 -0.162219 0.120569 0.978504
1311876857.876062   -0.61844 -0.0770622    1.47702 -0.0418713 -0.162351 0.119513 0.978573
1311876857.945964   -0.62629 -0.0726429    1.47967 -0.0414351 -0.162154 0.118829 0.978708
1311876858.079010  -0.615199 -0.0822259    1.47573 -0.0445099 -0.165475 0.118408 0.978068
1311876858.145958  -0.617076 -0.0742032    1.47799 -0.0424076 -0.164398 0.118879 0.978286
1311876858.279263  -0.621024 -0.0734651    1.47956 -0.042728 -0.162522 0.120205 0.978423
1311876858.414276  -0.61774 -0.075117   1.47847 -0.0435856 -0.160941 0.119205 0.978769
1311876858.479515   -0.61868 -0.0741642    1.47985 -0.0431266 -0.160007 0.119455 0.978912
1311876858.512991 -0.616864 -0.075193    1.4768 -0.0437923 -0.157902 0.11937 0.979234
1311876858.545283  -0.615159 -0.0760928    1.47718 -0.0433442 -0.157179 0.118912 0.979426
1311876858.575458   -0.61109 -0.0723352    1.48068 -0.0432621 -0.155281 0.118708 0.979757
1311876858.614856  -0.605966 -0.0728289    1.48104 -0.0452826 -0.151223 0.119261 0.980234
1311876858.778778  -0.604677 -0.0736495    1.48614 -0.046998 -0.130797 0.119775 0.983025
1311876858.847145 -0.610549 -0.074378   1.49047 -0.0492084 -0.117035 0.121281 0.984465
1311876858.914881  -0.612306 -0.0729785     1.4935 -0.0504371 -0.10417 0.121666 0.9858
1311876859.011597  -0.612685 -0.0742795    1.50191 -0.0536034 -0.0808864 0.123349 0.987608
1311876859.078696  -0.613884 -0.0741014    1.50509 -0.0529404 -0.0744348 0.124399 0.988019
1311876859.146710  -0.638704 -0.0801613    1.49669 -0.0553566 -0.0594265 0.126109 0.988686
1311876859.214656  -0.632357 -0.0806194    1.50109 -0.058357 -0.040254 0.127206 0.98934
1311876859.380353  -0.634943 -0.0781825    1.51592 -0.0686231 0.00743045 0.130337 0.989064
1311876859.411647   -0.64046 -0.0773911    1.51453 -0.0699975 0.0122584 0.129765 0.988995
1311876859.482807  -0.645825 -0.0653828     1.5245 -0.070867 0.0152824 0.129838 0.988881
1311876859.546487  -0.630577 -0.0783061    1.51972 -0.0771342 0.0234184 0.132124 0.98795
1311876859.578973  -0.626173 -0.0800552    1.52036 -0.0740934 0.0360057 0.132729 0.987723
1311876859.682826  -0.625799 -0.0777794    1.51918 -0.0734322 0.0512853 0.133127 0.987043
1311876859.814738 -0.625239 -0.073105   1.53358 -0.0787898 0.0820058 0.13408 0.984424
1311876859.843623 -0.623873 -0.073725    1.5346 -0.0815273 0.0948733 0.134877 0.982935
1311876859.913945   -0.62132 -0.0718451    1.53924 -0.0833026 0.106473 0.135954 0.981448
1311876859.982243  -0.622498 -0.0707228    1.54125 -0.0836835 0.111912 0.135883 0.98082
1311876860.011157  -0.620847 -0.0695922    1.53841 -0.0858873 0.12114 0.135617 0.97957
1311876860.082196  -0.612055 -0.0764182    1.53495 -0.0875652 0.126149 0.1374 0.97854
1311876860.146788  -0.612272 -0.0679086    1.54273 -0.0851423 0.146975 0.137537 0.975824
1311876860.212932 -0.613609 -0.067027   1.54054 -0.0857829 0.153652 0.137057 0.974807
1311876860.282185 -0.615665 -0.064109   1.54503 -0.0883122 0.167163 0.136535 0.972428
1311876860.346047  -0.616303 -0.0639971    1.53862 -0.0915678 0.177823 0.136535 0.970233
1311876860.414273 -0.611663 -0.066358   1.54048 -0.0931837 0.190034 0.137288 0.967655
1311876860.482217 -0.612791 -0.066581   1.53784 -0.0921243 0.204645 0.136603 0.96487
1311876860.550197  -0.616303 -0.0680797    1.53881 -0.0947504 0.225623 0.134631 0.960204
1311876860.681293  -0.614714 -0.0651172    1.54626 -0.097386 0.24532 0.134861 0.955064
1311876860.779283  -0.614192 -0.0653707    1.53879 -0.0993759 0.26988 0.135736 0.948085
1311876860.849732   -0.61547 -0.0662212    1.53834 -0.100302 0.276449 0.135484 0.946129
1311876860.913768  -0.611621 -0.0643222    1.53536 -0.100167 0.288157 0.136643 0.942476
1311876861.011741  -0.609469 -0.0633469    1.53395 -0.102672 0.313048 0.136355 0.934273
1311876861.081508  -0.606204 -0.0617031    1.53333 -0.103138 0.318818 0.136745 0.932212
1311876861.149463  -0.606745 -0.0621811    1.53293 -0.104901 0.331456 0.135698 0.927749
1311876861.213429  -0.604797 -0.0613387    1.53199 -0.105804 0.34377 0.13603 0.923105
1311876861.246251  -0.604308 -0.0599165    1.53108 -0.106789 0.355872 0.136164 0.918374
1311876861.313164  -0.600564 -0.0594481    1.53055 -0.107923 0.367489 0.136598 0.913589
1311876861.348623 -0.598037 -0.057496   1.52927 -0.108066 0.372901 0.136404 0.911406
1311876861.413024  -0.596607 -0.0563621    1.53081 -0.108606 0.379502 0.136342 0.908622
1311876861.481014  -0.594258 -0.0529855    1.53276 -0.109885 0.392584 0.135932 0.902954
1311876861.546103   -0.59342 -0.0545401    1.52557 -0.110914 0.402856 0.136563 0.898196
1311876861.610298  -0.589861 -0.0526977    1.52481 -0.111934 0.413849 0.136517 0.893064
1311876861.679735  -0.588239 -0.0514577     1.5262 -0.112713 0.425904 0.136447 0.88729
1311876861.710418  -0.589161 -0.0525773    1.52648 -0.114064 0.437392 0.135727 0.881621
1311876861.848267  -0.586234 -0.0497263     1.5271 -0.115438 0.455072 0.134935 0.872569
1311876861.916645  -0.583195 -0.0479475    1.52735 -0.116199 0.466808 0.135076 0.866223
1311876861.980341 -0.576365 -0.040725   1.53089 -0.116676 0.47804 0.13471 0.860068
1311876862.047268  -0.573918 -0.0404452    1.52666 -0.116796 0.489221 0.136283 0.853492
1311876862.116338   -0.57466 -0.0379989    1.52606 -0.11706 0.500949 0.136336 0.846616
1311876862.180485  -0.573917 -0.0366664    1.52384 -0.117892 0.51178 0.136702 0.839938
1311876862.248152 -0.576438 -0.038538    1.5215 -0.118923 0.522331 0.136722 0.833267
1311876862.315936  -0.573932 -0.0338516    1.51895 -0.117698 0.533637 0.136692 0.826253
1311876862.347808  -0.570489 -0.0319711    1.52174 -0.119323 0.546352 0.135376 0.817884
1311876862.416120   -0.56506 -0.0261109    1.52296 -0.119525 0.552707 0.134752 0.813677
1311876862.449567    -0.5704 -0.0310205    1.52372 -0.120935 0.563481 0.135003 0.806001
1311876862.479667  -0.570047 -0.0296468    1.52171 -0.120663 0.568358 0.135246 0.802569
1311876862.579624  -0.570812 -0.0284716    1.51798 -0.120506 0.584602 0.135145 0.790857
1311876862.715050  -0.565201 -0.0236409    1.51684 -0.12042 0.60067 0.13322 0.779068
1311876862.777911  -0.568896 -0.0227209    1.51332 -0.121866 0.612083 0.133364 0.769881
1311876862.849418  -0.566608 -0.0195824    1.50925 -0.122801 0.623863 0.133591 0.760177
1311876862.914851  -0.573525 -0.0218421    1.50937 -0.125421 0.634771 0.133823 0.750617
1311876862.984320  -0.574473 -0.0269588    1.50791 -0.12518 0.646054 0.132664 0.741177
1311876863.013979  -0.580838 -0.0230769    1.50485 -0.123645 0.657078 0.130829 0.732013
1311876863.045871  -0.585929 -0.0220522    1.49587 -0.123773 0.660135 0.13118 0.729174
1311876863.187463  -0.593155 -0.0239679    1.50376 -0.128055 0.673559 0.132219 0.715848
1311876863.281806  -0.624167 -0.0289401    1.49308 -0.132039 0.681695 0.136022 0.706651
1311876863.315616  -0.629052 -0.0350355    1.49467 -0.133377 0.683237 0.137957 0.704533
1311876863.345746  -0.636002 -0.0392615    1.49705 -0.133655 0.685703 0.13715 0.702237
1311876863.381947  -0.646299 -0.0417121    1.49722 -0.132504 0.687835 0.134675 0.700849
1311876863.448204  -0.651258 -0.0503691    1.49627 -0.129612 0.689424 0.132932 0.70016
1311876863.515836 -0.733007 -0.104547    1.4867 -0.130351 0.695969 0.133394 0.693428
1311876863.583982  -0.644339 -0.0738377    1.51285 -0.13388 0.697296 0.140203 0.690071
1311876863.613847 -0.694821 -0.115624   1.51116 -0.13927 0.697206 0.145085 0.688082
1311876863.682520 -0.708801 -0.116864   1.50946 -0.136824 0.698117 0.144242 0.687827
1311876863.748458 -0.723031 -0.127549   1.50636 -0.134789 0.69265 0.141852 0.694223
1311876863.814439 -0.754477 -0.131426   1.50963 -0.136102 0.689151 0.140834 0.697648
1311876863.845816  -0.75834 -0.134073   1.50395 -0.134831 0.68626 0.140826 0.700739
1311876863.983840 -0.857291 -0.181584   1.53693 -0.133723 0.682723 0.137544 0.705046
1311876864.048295 -0.879272 -0.179666   1.53967 -0.133717 0.674525 0.138396 0.712728
1311876864.114348 -0.869215 -0.132785   1.57126 -0.123068 0.668257 0.129116 0.72223
1311876864.182286 -0.831023 -0.109877   1.56697 -0.124021 0.659876 0.125812 0.730311
1311876864.251318  -0.86958 -0.130284   1.56308 -0.126446 0.648344 0.128227 0.739742
1311876864.316233 -0.897317 -0.140189   1.56751 -0.129163 0.640092 0.129624 0.746188
1311876864.683894  -1.01679 -0.169251   1.54488 -0.126194 0.580425 0.131939 0.793583
1311876864.714409  -1.02322 -0.176124   1.54709 -0.126764 0.577071 0.131135 0.796068
1311876864.851565  -1.05018 -0.182119   1.54236 -0.125763 0.566299 0.128488 0.804351
1311876864.882633  -1.07153 -0.182915   1.53937 -0.124479 0.559684 0.126923 0.809413
1311876865.016308  -1.09824 -0.191281    1.5282 -0.124863 0.556313 0.127696 0.811553
1311876865.083866  -1.10964 -0.189334   1.53198 -0.127004 0.557749 0.127222 0.810309
1311876865.115507  -1.13273 -0.197466   1.52202 -0.129178 0.558029 0.126887 0.809825
1311876865.184147  -1.14572 -0.206561   1.51747 -0.130468 0.558653 0.127322 0.809119
1311876865.251649  -1.15743 -0.202603   1.51953 -0.129636 0.559532 0.126083 0.80884
1311876865.314565  -1.17588 -0.207869   1.51114 -0.128952 0.558505 0.126327 0.809621
1311876865.414585  -1.19776 -0.210116   1.50434 -0.128089 0.558195 0.128351 0.809653
1311876865.482884 -1.21999 -0.21824  1.49381 -0.128775 0.558055 0.129303 0.809489
1311876865.551010 -1.24012 -0.22133  1.48841 -0.129458 0.558287 0.129003 0.809268
1311876865.651502  -1.27354 -0.230588   1.47451 -0.129418 0.557961 0.130891 0.809196
1311876865.720034  -1.27962 -0.227652    1.4738 -0.129944 0.557844 0.131254 0.809133
1311876865.783571  -1.29801 -0.232831    1.4664 -0.130115 0.557035 0.134049 0.809205
1311876865.882062  -1.34003 -0.242952   1.44905 -0.129917 0.557671 0.135878 0.808494
1311876865.950807  -1.35723 -0.246585   1.43952 -0.12827 0.556941 0.134735 0.80945
1311876866.018051  -1.37517 -0.252399   1.43267 -0.127301 0.556496 0.135964 0.809704
1311876866.150629  -1.40486 -0.261003   1.42152 -0.128442 0.556983 0.136428 0.80911
1311876866.217864  -1.41518 -0.258087   1.42233 -0.126736 0.5584 0.136652 0.808365
1311876866.282206  -1.43604 -0.261721   1.41606 -0.127076 0.558789 0.137497 0.807899
1311876866.318747  -1.45853 -0.275836   1.40188 -0.130527 0.557001 0.138957 0.808334
1311876866.551995  -1.50148 -0.273438   1.39291 -0.127802 0.558394 0.139461 0.807721
1311876866.582051  -1.52758 -0.285421   1.37768 -0.128168 0.557787 0.14113 0.807793
1311876866.649886 -1.53525 -0.29068  1.37074 -0.1297 0.557886 0.141669 0.807385
1311876866.851196  -1.58424 -0.304982   1.35261 -0.128254 0.566492 0.141825 0.801576
1311876866.919899  -1.60515 -0.309342   1.34672 -0.128877 0.570665 0.141777 0.798518
1311876866.988231  -1.62267 -0.313994   1.33945 -0.131321 0.57396 0.144755 0.795217
1311876867.123047  -1.65124 -0.318111   1.32526 -0.130947 0.585284 0.144281 0.787069
1311876867.317708  -1.70155 -0.330938   1.31133 -0.131987 0.603243 0.144485 0.773176
1311876867.388199  -1.73958 -0.337911   1.30373 -0.132617 0.613279 0.142822 0.765443
1311876867.418227  -1.74536 -0.355052   1.31286 -0.136962 0.616305 0.140867 0.762605
1311876867.488300  -1.78252 -0.378759   1.30921 -0.135081 0.622905 0.137184 0.758237
1311876867.788205  -1.80362 -0.360033   1.30984 -0.135658 0.645943 0.14153 0.737783
1311876867.850249  -1.84019 -0.370997    1.2984 -0.136202 0.65114 0.144113 0.732596
1311876867.920305    -1.864 -0.376224   1.29549 -0.134547 0.657631 0.142247 0.72745
1311876867.988252  -1.89718 -0.400449   1.28855 -0.137659 0.661797 0.144546 0.722621
1311876868.056492  -1.92003 -0.400292   1.28863 -0.13707 0.671232 0.143602 0.714169
1311876868.086285  -1.93053 -0.397974   1.29103 -0.135373 0.674923 0.142289 0.711271
1311876868.118520  -1.93955 -0.404868   1.29638 -0.137299 0.678369 0.141293 0.707814
1311876868.153782  -1.94806 -0.405602   1.29714 -0.138927 0.680856 0.141922 0.704977
1311876868.220531  -1.96316 -0.420629   1.29883 -0.141207 0.683166 0.140935 0.702483
1311876868.288345  -1.97056 -0.419474   1.29922 -0.142796 0.689181 0.140242 0.696399
1311876868.355815  -1.90324 -0.342928   1.29401 -0.133895 0.694024 0.1393 0.693541
1311876868.455750  -2.01172 -0.453444   1.28547 -0.143571 0.700386 0.141042 0.684802
1311876868.520546  -2.06835 -0.473308   1.30151 -0.149481 0.708385 0.135968 0.676283
1311876868.685913  -2.07518 -0.440031   1.31212 -0.145215 0.7247 0.125461 0.661802
1311876868.717973  -2.08799 -0.453006   1.31435 -0.147843 0.725744 0.12786 0.659614
1311876868.819158  -2.11202 -0.458255   1.31747 -0.148223 0.729177 0.126709 0.655954
1311876868.920404 -2.14392 -0.46541   1.3206 -0.14757 0.73304 0.125276 0.65206
1311876868.956445  -2.15457 -0.463144   1.32227 -0.147312 0.73477 0.123376 0.650531
1311876869.020160  -2.16457 -0.472101   1.32468 -0.148592 0.735396 0.124095 0.649395
1311876869.054791  -2.18538 -0.477766   1.33131 -0.149052 0.738106 0.122835 0.646448
1311876869.086043  -2.19126 -0.473289   1.33564 -0.148537 0.739149 0.121364 0.645652
1311876869.118788  -2.19816 -0.475947   1.33771 -0.149393 0.739113 0.121438 0.645482
1311876869.185601  -2.21047 -0.475694   1.33989 -0.149425 0.738788 0.121062 0.645916
1311876869.224112  -2.22847 -0.489403   1.34367 -0.149082 0.736938 0.121135 0.648092
1311876869.288014 -2.15649 -0.43495  1.37679 -0.142451 0.743265 0.127764 0.641047
1311876869.424283 -2.29661   -0.528  1.41626 -0.15538 0.73058 0.126794 0.652712
1311876869.524311  -2.31807 -0.538278   1.41137 -0.15314 0.723315 0.128234 0.660998
1311876869.824216  -2.40788 -0.562647   1.42558 -0.153107 0.682703 0.133187 0.701952
1311876870.023939  -2.46852 -0.583249   1.41813 -0.149667 0.658852 0.136265 0.724531
1311876870.088441  -2.46565 -0.541104   1.43977 -0.143416 0.660249 0.130119 0.725653
1311876870.122324  -2.50976 -0.605008   1.42998 -0.154361 0.654772 0.140187 0.726494
1311876870.154541  -2.51905 -0.602148   1.43052 -0.150569 0.655705 0.13607 0.727231
1311876870.224154  -2.52733 -0.599053    1.4317 -0.150014 0.655018 0.135672 0.728039
1311876870.253875  -2.54752 -0.608643   1.43145 -0.150908 0.651336 0.137908 0.730733
1311876870.287658  -2.55385 -0.614676   1.42914 -0.149909 0.649715 0.138485 0.732271
1311876870.490934  -2.61526 -0.630975   1.41718 -0.146494 0.652394 0.133252 0.73155
1311876870.592832  -2.64084 -0.641273   1.41339 -0.146892 0.658834 0.13234 0.725842
1311876870.754494  -2.69017 -0.651156   1.40867 -0.147908 0.675285 0.132504 0.710321
1311876870.824185 -2.70113 -0.65155  1.40777 -0.147895 0.679277 0.131048 0.706779
1311876870.891887  -2.71174 -0.593518   1.40397 -0.136863 0.687847 0.124283 0.701918
1311876870.921734  -2.73334 -0.664535   1.30468 -0.113755 0.694699 0.207997 0.67911
1311876871.056270  -2.75286 -0.650245   1.30644 -0.098299 0.714682 0.19608 0.664168
1311876871.089984  -2.79682 -0.675071       1.3 -0.10548 0.714449 0.204623 0.660731
1311876871.156239  -2.81795 -0.692673   1.29936 -0.101732 0.71396 0.199572 0.663388
1311876871.292499  -2.81845 -0.690042   1.30103 -0.100221 0.71445 0.198467 0.663421
1311876871.521907  -2.82207 -0.687476   1.30206 -0.103442 0.714464 0.202806 0.661597
1311876871.591747  -2.82007 -0.688992   1.30407 -0.103462 0.714968 0.202811 0.661048
1311876871.689806  -2.82063 -0.687199   1.30166 -0.103012 0.714712 0.202738 0.661417
1311876871.760180  -2.82217 -0.687602   1.30122 -0.102919 0.714635 0.202721 0.66152
1311876871.823864 -2.82068 -0.68686   1.3011 -0.102744 0.714666 0.202708 0.661517
1311876871.892506  -2.81851 -0.686424   1.30387 -0.102883 0.715155 0.202621 0.660994
1311876872.060374  -2.81877 -0.686655   1.30369 -0.102873 0.715236 0.202718 0.660878
1311876872.123899   -2.8182 -0.686013   1.30239 -0.10277 0.715052 0.202859 0.66105
1311876872.159852  -2.81818 -0.686255   1.30235 -0.102902 0.715045 0.202892 0.661027
1311876872.360270  -2.81761 -0.686332   1.30463 -0.103453 0.715309 0.202373 0.660814
1311876872.492280  -2.81799 -0.686197   1.30521 -0.103389 0.715504 0.2023 0.660636
