1305031102.211214 -0.00133414  -0.0126946  -0.0209607 0.00105178 0.00448661 0.00079206 0.999989
1305031102.275326  0.0144559 -0.0129793  -0.031227 0.0108153 0.00461942 0.00135927 0.99993
1305031102.311267 0.00833033 -0.0100254 -0.0438668 0.0159901 0.00891749 0.000120737 0.999832
1305031102.343233   0.0108708 -0.00733265  -0.0613562 0.0190301 0.0102948 -0.00155931 0.999765
1305031102.375329  0.00751717 -0.00675226  -0.0731064 0.0213485 0.0133441 -0.00206043 0.999681
1305031102.411258    0.008639 -0.00839627  -0.0842561 0.0230284 0.0157754 -0.00128419 0.99961
1305031102.443271 0.00840265 -0.0160587 -0.0880239 0.0260007 0.0190036 -0.00121022 0.999481
1305031102.475318 0.000462292  -0.0179054  -0.0973987 0.0320647 0.0235202 -0.00151599 0.999208
1305031102.511219 -0.00197105  -0.0202498   -0.129044 0.0363336 0.0242449 -0.00109062 0.999045
1305031102.575286 -0.00615454  -0.0121083   -0.142381 0.0432275 0.0229063 0.00138244 0.998802
1305031102.611233  -0.0026495 -0.00713585   -0.165882 0.0415912 0.0186136 0.000456371 0.998961
1305031102.675285  -0.0036538 -0.00760926   -0.177998 0.0422579 0.0192981 -0.00210116 0.998918
1305031102.711263 -0.00476783 -0.00483154   -0.192615 0.0434606 0.0200944 -0.00340122 0.998847
1305031102.743234 -0.00735676 -0.00667545   -0.203764 0.0447135 0.021102 -0.00559174 0.998761
1305031102.775472 -0.0172821 -0.0107176  -0.215009 0.0440039 0.0226504 -0.00426451 0.998765
1305031102.811232 -0.0169717 -0.0106629  -0.228094 0.0455847 0.0192157 -0.00400444 0.998768
1305031102.843290 -0.0167589 -0.0111079   -0.24205 0.0463522 0.0150707 -0.00260189 0.998808
1305031102.875363  -0.0160522 -0.00726763   -0.256964 0.0477347 0.0122047 -0.00119069 0.998785
1305031102.911185 -0.00797443  -0.0103825   -0.281588 0.0455988 0.00786891 0.00104692 0.998928
1305031102.975203  0.0169776 -0.0128624  -0.284539 0.0437604 0.00145524 0.00763287 0.999012
1305031103.011215  0.0172427 -0.0158708  -0.296089 0.0435878 0.00779779 0.00534562 0.999005
1305031103.043227  0.0185151 -0.0172024  -0.307873 0.0448455 0.013382 0.00345996 0.998898
1305031103.075319  0.0130436 -0.0135443  -0.321772 0.0456958 0.0185471 0.00151348 0.998782
1305031103.111240 0.00461742 -0.0156315  -0.332444 0.046126 0.0226618 -0.00254133 0.998675
1305031103.143318 0.00361824  -0.022573  -0.340967 0.043596 0.0226044 -0.00306144 0.998789
1305031103.175452 0.00036908 -0.0251684   -0.35029 0.0443877 0.0226874 -0.00432773 0.998747
1305031103.243216 0.00649791 -0.0406997  -0.361717 0.0489189 0.018461 -0.00758227 0.998603
1305031103.275370  0.0154403 -0.0428037  -0.364613 0.0575925 0.0171186 -0.0112343 0.99813
1305031103.311210  0.0222617 -0.0379197  -0.373373 0.0645227 0.0224341 -0.00946184 0.997619
1305031103.343223  0.0133906 -0.0317161  -0.380016 0.06943 0.0303793 -0.0101072 0.997073
1305031103.375327 0.00579028 -0.0284573  -0.382232 0.0745739 0.033517 -0.0135871 0.996559
1305031103.411260 0.00994919 -0.0253467  -0.386273 0.0756062 0.031167 -0.0139746 0.996553
1305031103.443280  0.0086123 -0.0198217  -0.383268 0.0789221 0.0353162 -0.0142245 0.996153
1305031103.475274 0.00884378 -0.0208363  -0.379058 0.0768601 0.0378796 -0.011488 0.996256
1305031103.511333 0.00832169 -0.0149255  -0.374883 0.0768852 0.0403948 -0.00902157 0.99618
1305031103.543444  0.0144088 -0.0143953   -0.36708 0.0718251 0.0385633 -0.00522689 0.996658
1305031103.575474 0.0182652 -0.015142 -0.357438 0.0671463 0.039064 -0.00512543 0.996965
1305031103.611223 0.0204268 -0.013453 -0.347443 0.0650296 0.0424559 -0.00598766 0.996962
1305031103.643445  0.0220805 -0.0132431  -0.336497 0.061722 0.0466013 -0.00555128 0.996989
1305031103.675523  0.0217777 -0.0140757  -0.322804 0.0582327 0.0495671 -0.00491281 0.99706
1305031103.711610  0.0185286 -0.0100062  -0.311684 0.0579596 0.0531079 -0.00542859 0.996891
1305031103.743326   0.0208134 -0.00935555   -0.298262 0.0546408 0.0522516 -0.00370451 0.997131
1305031103.775342   0.0208929 -0.00845333    -0.28403 0.0526418 0.0526491 -0.00114336 0.997224
1305031103.811242  0.0258305 -0.0125555  -0.269186 0.0515123 0.0497202 0.0024692 0.997431
1305031103.843251 0.0269723 -0.016612 -0.251669 0.054008 0.0504055 0.00354251 0.997261
1305031103.875361   0.029438 -0.0128983  -0.234996 0.0611867 0.0531529 0.00635165 0.99669
1305031103.911221    0.031572 -0.00296514   -0.226372 0.0647361 0.0565247 0.0074196 0.996273
1305031103.943211  0.0342384 -0.0016577   -0.21141 0.0638462 0.0588641 0.00875774 0.996184
1305031103.975373    0.0357885 -0.000883395    -0.197037 0.0618823 0.0606019 0.0106807 0.996185
1305031104.011232  0.0415131 0.00181121  -0.181523 0.0579542 0.0579949 0.014445 0.996529
1305031104.043249  0.0423198 0.00347342  -0.166047 0.0520708 0.054709 0.0163604 0.997009
1305031104.075425   0.0448886 -0.00195071   -0.148742 0.0466752 0.0492693 0.0196598 0.997501
1305031104.111235   0.0422516 0.000888367   -0.131643 0.0446051 0.0444462 0.0208101 0.997799
1305031104.143230  0.0449516 0.00411074  -0.120147 0.040867 0.0384456 0.021131 0.998201
1305031104.175424  0.0503113 0.00450505  -0.106048 0.0367778 0.033638 0.0225013 0.998504
1305031104.211283  0.0531282 0.00734736 -0.0919479 0.0331155 0.030138 0.0227778 0.998737
1305031104.243196  0.0538482  0.0059361 -0.0774875 0.027466 0.0278406 0.0233586 0.998962
1305031104.275546  0.0523404 0.00603181 -0.0633838 0.0230216 0.0258539 0.0240222 0.999112
1305031104.311219  0.0527936 0.00618889 -0.0497979 0.0191843 0.0224024 0.0241688 0.999273
1305031104.343342  0.0505847 0.00479367 -0.0362307 0.0156385 0.0189412 0.0242802 0.999403
1305031104.375837  0.0523372 0.00276505 -0.0213318 0.0128912 0.0132529 0.0240565 0.99954
1305031104.411509  0.0556907  0.0029843 -0.0102301 0.0114481 0.00863293 0.0234254 0.999623
1305031104.443288   0.0619083  0.00133948 0.000769903 0.0102217 0.00575788 0.0231514 0.999663
1305031104.475456  0.0674151 0.00183706  0.0107004 0.0102131 0.00588602 0.0228291 0.99967
1305031104.511329 0.0642219 0.0052589 0.0193693 0.00984968 0.0100314 0.0208823 0.999683
1305031104.543368  0.0659541 0.00999312  0.0239905 0.0079232 0.011171 0.0205998 0.999694
1305031104.575343 0.0603782 0.0153642 0.0323353 0.00457746 0.0121443 0.0205913 0.999704
1305031104.611336 0.0490817 0.0281332 0.0348896 -0.00139732 0.0101934 0.0186933 0.999772
1305031104.643243   0.04567 0.0270659 0.0476911 -0.0138255 0.00295713 0.0188682 0.999722
1305031104.675525 0.0416481   0.02968 0.0607539 -0.0251154 -0.00427491 0.0185367 0.999504
1305031104.711277 0.0481148 0.0344777 0.0676348 -0.0380149 -0.0145257 0.0177818 0.999013
1305031104.743280 0.0429149 0.0349325  0.080691 -0.0515622 -0.0212451 0.0161261 0.998314
1305031104.775327 0.0424609 0.0336245 0.0934259 -0.0647935 -0.0291911 0.0145468 0.997366
1305031104.811465 0.0377864  0.033264  0.104297 -0.0759035 -0.0357496 0.0120449 0.996401
1305031104.843258 0.0346437  0.033214  0.118487 -0.0845449 -0.042764 0.00977342 0.995454
1305031104.875350 0.0314758 0.0309761  0.127117 -0.090357 -0.0457152 0.00684049 0.994836
1305031104.911534  0.027403 0.0291253   0.13548 -0.0931791 -0.0467178 0.00437403 0.994543
1305031104.943262 0.0215068 0.0264096  0.137651 -0.094472 -0.0464451 0.00283012 0.994439
1305031104.975202 0.0180427 0.0222631  0.141363 -0.0939191 -0.0452162 0.0017077 0.994551
1305031105.011290 0.0138482 0.0212126   0.14245 -0.0888646 -0.0440981 0.00116191 0.995066
1305031105.043373 0.0110018 0.0164373   0.13892 -0.0834348 -0.0424703 0.00212478 0.995606
1305031105.075320 0.0118683 0.0153984  0.132821 -0.0759315 -0.0413742 0.00446691 0.996244
1305031105.111299 0.0196638 0.0151038  0.119881 -0.0691139 -0.0413845 0.00679895 0.996727
1305031105.143106  0.0220541 0.00799176   0.114907 -0.0636788 -0.0382263 0.00919698 0.997196
1305031105.175159   0.0230775 -0.00191586    0.115826 -0.0540391 -0.0340197 0.013075 0.997873
1305031105.211268    0.0373582 -0.000458373    0.0947147 -0.0410828 -0.0321829 0.0161983 0.998506
1305031105.243270   0.0492934 -0.00402262   0.0777751 -0.0325498 -0.0283903 0.0186869 0.998892
1305031105.275288   0.0533854 -0.00696578   0.0662811 -0.0223424 -0.0217631 0.0200882 0.999312
1305031105.311290   0.0552324 -0.00724178    0.051263 -0.0120816 -0.0136828 0.020419 0.999625
1305031105.343302   0.0556991 -0.00435337   0.0316049 -0.00304178 -0.00612157 0.0203163 0.99977
1305031105.375338  0.0604382 -0.0024844  0.0118248 0.00147854 -0.00209974 0.0202232 0.999792
1305031105.411286   0.0600506 -0.00831991  0.00331983 0.00563385 0.00319548 0.0207852 0.999763
1305031105.443316   0.0600445 -0.00689214   -0.012361 0.012284 0.00760096 0.0212211 0.99967
1305031105.475280   0.0616473 -0.00346562  -0.0319692 0.0173461 0.0108618 0.0210114 0.99957
1305031105.511332   0.0573881 -0.00314866  -0.0434381 0.0225267 0.0149708 0.0201958 0.99943
1305031105.543282   0.0551742 -0.00175519  -0.0589929 0.026592 0.0165107 0.0188602 0.999332
1305031105.575449  0.0542919 0.00252843 -0.0756458 0.0314157 0.0183364 0.0181142 0.999174
1305031105.611378  0.0517119  0.0043299 -0.0905435 0.0339747 0.0198013 0.017338 0.999076
1305031105.643273  0.0527557 0.00248978  -0.121463 0.0334745 0.0212275 0.0141268 0.999114
1305031105.711309 0.0410406 0.0115458 -0.134839 0.0380468 0.0230915 0.0123474 0.998933
1305031105.743312  0.0396513 0.00985257  -0.147383 0.0366096 0.0191288 0.0115144 0.99908
1305031105.775339  0.0329462 0.00903544  -0.161424 0.0361967 0.0163139 0.0114337 0.999146
1305031105.811283 0.0363592 0.0107843 -0.175734 0.0353879 0.00948166 0.0108138 0.99927
1305031105.843271 0.0349386 0.0115152 -0.190667 0.034391 0.00573695 0.00988655 0.999343
1305031105.875337   0.033738 0.00596848  -0.202129 0.0327043 0.000714314 0.00701373 0.99944
1305031105.911262    0.0351987 -0.000799035    -0.212238 0.0324795 -0.00428377 0.00335049 0.999458
1305031105.943272   0.0341715 -0.00417924   -0.225457 0.0347064 -0.00708288 0.000551056 0.999372
1305031105.975329  0.0318448 -0.0081606  -0.237394 0.0382124 -0.00809503 -0.00144965 0.999236
1305031106.011285   0.0306773 -0.00954358   -0.250977 0.042758 -0.00980753 -0.00328962 0.999032
1305031106.043355   0.031273 -0.0110947  -0.263613 0.0473331 -0.0118032 -0.00443109 0.9988
1305031106.075330  0.0349382 -0.0126425  -0.276572 0.0513028 -0.0137186 -0.00608789 0.99857
1305031106.111327  0.0437124 -0.0166618  -0.288419 0.0557291 -0.0178049 -0.00549638 0.998272
1305031106.143355  0.0444438 -0.0177859  -0.300229 0.0623868 -0.0155922 -0.00768346 0.997901
1305031106.175534  0.0436916 -0.0126683  -0.315348 0.0691785 -0.0121813 -0.00912395 0.997488
1305031106.211275   0.0473935 -0.00951819   -0.327558 0.0732136 -0.0120599 -0.00919841 0.997201
1305031106.243267   0.0500339 -0.00616726   -0.337884 0.0758084 -0.0105089 -0.012841 0.996984
1305031106.276385   0.0495295 -0.00894648   -0.346357 0.0769791 -0.00786688 -0.0138728 0.996905
1305031106.311238  0.0523984 -0.0134231  -0.352473 0.0787085 -0.00795892 -0.0167898 0.996725
1305031106.343258  0.0536549 -0.0198352  -0.357895 0.0820839 -0.00748849 -0.0166063 0.996459
1305031106.375388  0.0419284 -0.0203633  -0.360238 0.0913122 -0.00297398 -0.0105761 0.995762
1305031106.411320  0.0407403 -0.0128778   -0.36626 0.0991306 -0.00849096 -0.00614464 0.995019
1305031106.443278   0.0482101 -0.00759093   -0.367075 0.102179 -0.0160588 -0.002794 0.994632
1305031106.475345    0.0569037 -0.000663647    -0.364182 0.106746 -0.0203578 -0.000647646 0.994078
1305031106.511129    0.053243 -0.00765759   -0.358165 0.0987088 -0.0138996 -0.000457604 0.995019
1305031106.543302  0.0525696 -0.0114943  -0.350501 0.0931657 -0.0100632 0.00149377 0.995599
1305031106.575282  0.0523509 -0.0125645  -0.341208 0.0900573 -0.00820944 0.00267693 0.995899
1305031106.611151  0.0549182 -0.0175122  -0.329439 0.0880224 -0.00682633 0.00625353 0.996075
1305031106.643207  0.0583053 -0.0174683  -0.317787 0.0868782 -0.0064474 0.010076 0.996147
1305031106.675279  0.0635065 -0.0189817  -0.304089 0.0852388 -0.0055345 0.0105099 0.99629
1305031106.711508   0.061491 -0.0206419  -0.288122 0.086592 0.00214122 0.0119769 0.99617
1305031106.743341  0.0631436 -0.0164365  -0.276328 0.0882017 0.0087038 0.0123616 0.995988
1305031106.775390   0.062061 -0.0186196  -0.261859 0.086952 0.015354 0.0138329 0.995998
1305031106.811289  0.0634983 -0.0250329   -0.24616 0.0855057 0.0190382 0.0151318 0.996041
1305031106.843416  0.061682  -0.02346 -0.231755 0.086377 0.0243299 0.0174507 0.995813
1305031106.875905  0.0632449 -0.0169986  -0.217356 0.0853751 0.025159 0.0214107 0.995801
1305031106.911243  0.0643165 -0.0249462  -0.195889 0.0803722 0.0238208 0.0256321 0.996151
1305031106.943439  0.0637287 -0.0228779  -0.180648 0.0796847 0.0231085 0.0297952 0.996107
1305031106.975547  0.0745584 -0.0203736  -0.163229 0.0741361 0.0154162 0.0348347 0.99652
1305031107.011576  0.0737853 -0.0276287  -0.140817 0.0675532 0.0130638 0.0373052 0.996932
1305031107.043281  0.0746028 -0.0330935  -0.121936 0.0647761 0.0103348 0.0399402 0.997047
1305031107.075432  0.0876251 -0.0278174  -0.107139 0.0616383 0.00406669 0.0420643 0.997203
1305031107.111229  0.0901863 -0.0304128  -0.087814 0.0567139 0.00332046 0.043075 0.997455
1305031107.143260  0.0887372  -0.034499 -0.0720421 0.0541893 0.00270117 0.0431338 0.997595
1305031107.175399  0.0880344 -0.0313707 -0.0595512 0.0525018 0.000911006 0.0443903 0.997633
1305031107.211358  0.0795108 -0.0252787 -0.0452937 0.048971 0.00137532 0.0448868 0.99779
1305031107.243378  0.0793663 -0.0274056 -0.0295498 0.0426622 -0.00249369 0.0447791 0.998082
1305031107.275398  0.0775124 -0.0260772 -0.0164545 0.0373358 -0.00611636 0.0452141 0.998261
1305031107.311226   0.0739525  -0.0199615 -0.00440998 0.0319561 -0.0094573 0.0460092 0.998385
1305031107.343509   0.069025 -0.0101613 0.00444725 0.0247393 -0.0128473 0.0454546 0.998577
1305031107.375413  0.0653933 -0.0146039  0.0203702 0.0148965 -0.017729 0.0442784 0.998751
1305031107.411271  0.0604502 -0.0155434  0.0310077 0.00800729 -0.0221198 0.0447662 0.99872
1305031107.443419  0.0581265 -0.0176804  0.0413329 0.00246609 -0.027345 0.0441453 0.998648
1305031107.475377  0.0524365 -0.0161028  0.0469867 0.000288462 -0.0311278 0.0426729 0.998604
1305031107.511352  0.0496544 -0.0220356  0.0580125 -0.00238012 -0.0353312 0.0419042 0.998494
1305031107.543605   0.049091 -0.0271812  0.0653645 -0.00201687 -0.0391746 0.0404561 0.998411
1305031107.575454  0.0495667 -0.0221789  0.0593292 -0.000295254 -0.0418201 0.0383041 0.998391
1305031107.611271  0.0486102 -0.0280395  0.0618009 -0.00152204 -0.0435504 0.0365246 0.998382
1305031107.643323  0.0438241 -0.0323354  0.0636349 0.000399787 -0.0436789 0.0354525 0.998416
1305031107.675568  0.0487419 -0.0314565   0.056895 0.00220548 -0.0453908 0.0354526 0.998338
1305031107.711307  0.0508502 -0.0333604   0.055988 0.00371423 -0.0456395 0.0343176 0.998361
1305031107.743538  0.0510353 -0.0386507  0.0575013 0.0057522 -0.0439056 0.033763 0.998448
1305031107.775802  0.0514038 -0.0375639  0.0523522 0.00895048 -0.0408193 0.035307 0.998502
1305031107.811596  0.0515057 -0.0400315  0.0502252 0.0107004 -0.0389278 0.0355399 0.998552
1305031107.843332  0.0465158 -0.0409429  0.0467769 0.0133217 -0.0368837 0.0359634 0.998583
1305031107.875358   0.039453 -0.0398471  0.0409273 0.0142052 -0.0362307 0.0392 0.998473
1305031107.911541  0.0371966 -0.0405592  0.0384698 0.0131867 -0.0395954 0.0414356 0.998269
1305031107.943122  0.0360153 -0.0389398  0.0347636 0.011988 -0.0442447 0.0422108 0.998057
1305031107.975807  0.0323502 -0.0359535  0.0329779 0.0106354 -0.0496336 0.0429571 0.997787
1305031108.011320 0.0236581 -0.036493 0.0289097 0.007367 -0.0542145 0.0445608 0.997507
1305031108.043418  0.0130402 -0.0395187  0.0271818 0.00558951 -0.0615039 0.0412257 0.997239
1305031108.075352 0.00303554 -0.0384353  0.0248048 0.00600531 -0.0708705 0.036092 0.996814
1305031108.111378 -0.00611608  -0.0403538   0.0196836 0.00290038 -0.0762764 0.0357686 0.996441
1305031108.143334 -0.0133072  -0.043658  0.0179247 0.000748325 -0.0812143 0.0349778 0.996082
1305031108.176058 -0.0208115 -0.0493668   0.018556 0.00208512 -0.0857336 0.0322884 0.995793
1305031108.211475 -0.0297996  -0.050476  0.0121291 0.00663625 -0.0873203 0.033383 0.995599
1305031108.243347  -0.0472928   -0.046665 -0.00129681 0.00866049 -0.0880248 0.035168 0.99546
1305031108.275358  -0.0538277  -0.0509522 -0.00736928 0.00794778 -0.0933928 0.0353795 0.994969
1305031108.311332  -0.0567966  -0.0584039 -0.00580996 0.00975032 -0.097028 0.0347302 0.994628
1305031108.343278 -0.0612189 -0.0600463 -0.0108682 0.0156842 -0.0969446 0.0340632 0.994583
1305031108.375410 -0.0619374 -0.0586613  -0.017176 0.0225689 -0.0965411 0.0312851 0.994581
1305031108.411361 -0.0690452 -0.0580267 -0.0249541 0.0288569 -0.0935305 0.0270339 0.994831
1305031108.443610 -0.0819727 -0.0619218 -0.0314591 0.0330134 -0.0911473 0.0209053 0.99507
1305031108.475471  -0.094374 -0.0591036 -0.0387425 0.0374654 -0.0898157 0.0143588 0.99515
1305031108.511378  -0.116354 -0.0544299 -0.0510759 0.0380749 -0.088969 0.0100052 0.995256
1305031108.543737  -0.139258 -0.0482406 -0.0608967 0.0358386 -0.0913971 0.0091591 0.995127
1305031108.575414   -0.14752 -0.0521542 -0.0634907 0.0312345 -0.097298 0.0110706 0.994703
1305031108.611407  -0.160538 -0.0548914 -0.0667585 0.0300062 -0.103263 0.00984048 0.994153
1305031108.643303  -0.161614  -0.054704 -0.0701463 0.0308431 -0.112135 0.0102266 0.993162
1305031108.675375  -0.172518 -0.0619007 -0.0713252 0.0319241 -0.118792 0.00516271 0.992392
1305031108.711411  -0.179355 -0.0602553 -0.0748684 0.0367715 -0.126863 0.00144819 0.991237
1305031108.743502  -0.181882 -0.0548144 -0.0816304 0.0400962 -0.133139 0.00195629 0.990284
1305031108.775493  -0.188503 -0.0556228 -0.0842584 0.0413377 -0.137054 0.000322256 0.989701
1305031108.811244  -0.186251 -0.0533432 -0.0841394 0.0443891 -0.142694 -0.0033647 0.988765
1305031108.843264  -0.191791 -0.0533466 -0.0883448 0.0445576 -0.140501 -0.0113156 0.989013
1305031108.876515  -0.195611  -0.051495 -0.0889989 0.0449533 -0.136171 -0.0175137 0.98951
1305031108.911364  -0.199731 -0.0500633 -0.0909747 0.0435325 -0.130668 -0.0248979 0.990157
1305031108.943243  -0.205268 -0.0497544 -0.0906269 0.0389981 -0.123553 -0.0284934 0.991162
1305031108.975268  -0.207324 -0.0584957 -0.0828901 0.0331551 -0.116496 -0.0278566 0.992247
1305031109.011269  -0.204889 -0.0604874 -0.0775392 0.0327866 -0.11395 -0.0258563 0.992609
1305031109.043277  -0.202133 -0.0580712 -0.0770376 0.0328594 -0.111172 -0.0229559 0.992993
1305031109.075410  -0.194643 -0.0694413 -0.0657124 0.0301091 -0.110712 -0.0183337 0.993227
1305031109.111282  -0.187658 -0.0750263 -0.0620358 0.0313273 -0.109639 -0.0167061 0.993337
1305031109.143334  -0.169066 -0.0708152 -0.0601816 0.033381 -0.109704 -0.0134057 0.993313
1305031109.175464  -0.163742 -0.0743599 -0.0551786 0.033039 -0.101781 -0.00996098 0.994208
1305031109.211379  -0.149234 -0.0904841 -0.0418801 0.0339405 -0.100797 -0.0123159 0.994252
1305031109.243290  -0.136419 -0.0911063 -0.0389206 0.043534 -0.0987258 -0.0158383 0.994036
1305031109.275308     -0.117  -0.075819 -0.0442865 0.0517497 -0.0952019 -0.0171199 0.993965
1305031109.311329  -0.101147 -0.0801726 -0.0395335 0.0500643 -0.0871354 -0.0176162 0.994782
1305031109.343248 -0.0925124 -0.0887035 -0.0317693 0.0512195 -0.0760316 -0.0158407 0.995663
1305031109.375397 -0.0847636 -0.0829727 -0.0337389 0.0563966 -0.0652638 -0.0139875 0.996175
1305031109.411329 -0.0735034 -0.0887489  -0.031768 0.0555544 -0.0581112 -0.00944894 0.996718
1305031109.443302 -0.0657296  -0.101864 -0.0262112 0.0541485 -0.0519488 -0.00417598 0.997172
1305031109.475363 -0.0563752  -0.100549 -0.0263516 0.0571543 -0.0485269 -0.000481703 0.997185
1305031109.511273   -0.03923 -0.0998269 -0.0264356 0.0565639 -0.04801 0.00445754 0.997234
1305031109.543294 -0.0235845  -0.097554 -0.0242506 0.055287 -0.0474808 0.00726217 0.997314
1305031109.575362 -0.0102494 -0.0984748 -0.0201295 0.0553618 -0.0472661 0.00748404 0.997319
1305031109.611310 0.00149439   -0.10089  -0.017966 0.054975 -0.0451936 0.00968384 0.997417
1305031109.643229  0.0110611  -0.104495 -0.0142644 0.054889 -0.0433497 0.0100124 0.997501
1305031109.675263  0.0298645  -0.106569 -0.0107342 0.0571733 -0.0445707 0.00818602 0.997335
1305031109.711312   0.0413688   -0.108424 -0.00935971 0.0600767 -0.0406504 0.00944004 0.997321
1305031109.743274   0.0490657   -0.110333 -0.00745512 0.0642162 -0.0355931 0.0104807 0.997246
1305031109.775277  0.0592789   -0.10368 -0.0123965 0.0697343 -0.0325729 0.0105495 0.996978
1305031109.811371  0.0682113  -0.102422 -0.0153176 0.0735355 -0.029404 0.0100801 0.996808
1305031109.843296  0.0838903  -0.105324 -0.0157982 0.0758922 -0.0278761 0.0113227 0.996662
1305031109.875306  0.0981539  -0.105933 -0.0179785 0.079412 -0.02452 0.0134689 0.996449
1305031109.911265    0.11357  -0.100237 -0.0236374 0.0819194 -0.020084 0.0192985 0.99625
1305031109.943299   0.122996  -0.104803 -0.0242704 0.0830392 -0.0161878 0.0230099 0.996149
1305031109.975258   0.133235  -0.109269 -0.0280417 0.0845333 -0.0132476 0.0287824 0.995917
1305031110.011256   0.145982   -0.10665 -0.0326035 0.0873842 -0.0115782 0.03599 0.995457
1305031110.043299   0.157236  -0.105272 -0.0363508 0.089768 -0.0108977 0.0428266 0.994982
1305031110.075319   0.172814  -0.103209 -0.0398062 0.0922196 -0.0120829 0.0479755 0.994509
1305031110.111325   0.187098  -0.104166 -0.0420144 0.0953764 -0.0112945 0.0529078 0.99397
1305031110.143432   0.201247 -0.0921447 -0.0483259 0.0995139 -0.00911317 0.0565155 0.993388
1305031110.175641   0.204949 -0.0954383 -0.0504741 0.099989 -0.00248585 0.0576651 0.993313
1305031110.211637   0.216629 -0.0951696  -0.053132 0.102146 0.000365327 0.0598849 0.992965
1305031110.243323   0.229896 -0.0816071 -0.0589174 0.106027 0.00345864 0.0593975 0.992582
1305031110.279321   0.239995 -0.0757527 -0.0619114 0.105095 0.00657328 0.0610527 0.992565
1305031110.311404   0.251391  -0.073391 -0.0624246 0.102654 0.00930676 0.0629156 0.992682
1305031110.343355   0.261639 -0.0748436 -0.0613182 0.100648 0.0140304 0.0650974 0.992691
1305031110.379281   0.273466  -0.073002 -0.0632345 0.0991934 0.0187034 0.0696461 0.992452
1305031110.411469   0.283142 -0.0732375 -0.0634256 0.0987431 0.0254375 0.0733128 0.992083
1305031110.443260   0.296699  -0.079222 -0.0600887 0.100513 0.0300831 0.079139 0.991327
1305031110.479331   0.305428 -0.0713542 -0.0695098 0.10352 0.0373503 0.0844621 0.990331
1305031110.511429   0.317226  -0.065802 -0.0749195 0.103933 0.0436677 0.0887523 0.989654
1305031110.543408   0.331219 -0.0688468 -0.0748538 0.103973 0.0484548 0.0943299 0.98891
1305031110.579426   0.342624 -0.0730197 -0.0753823 0.106559 0.0534089 0.100915 0.987729
1305031110.611307   0.349357 -0.0662035 -0.0815537 0.110424 0.0567381 0.103834 0.986816
1305031110.643418   0.351389 -0.0553624 -0.0933934 0.110171 0.0595628 0.106898 0.986351
1305031110.679606  0.359719 -0.057385 -0.091326 0.110154 0.0614403 0.110145 0.98588
1305031110.711412   0.368863  -0.058522 -0.0928085 0.111728 0.0623923 0.111779 0.985459
1305031110.743249   0.371702 -0.0510315 -0.0973068 0.113319 0.0642838 0.112325 0.985094
1305031110.779193   0.375308 -0.0503225 -0.0982814 0.113098 0.065561 0.113481 0.984902
1305031110.811386   0.375989 -0.0504283 -0.0992166 0.113846 0.0662336 0.115779 0.984504
1305031110.843218    0.37893 -0.0500273 -0.0992844 0.115147 0.0681264 0.117796 0.983984
1305031110.879313   0.378513 -0.0484618  -0.101113 0.114946 0.0699168 0.117718 0.983891
1305031110.911333   0.376832 -0.0493818  -0.100114 0.115657 0.0716963 0.118663 0.983566
1305031110.943862   0.373714 -0.0504991  -0.101028 0.11513 0.0735749 0.119816 0.983349
1305031110.979345   0.369465 -0.0570245 -0.0983268 0.114604 0.0722403 0.120837 0.983385
1305031111.011431   0.368659 -0.0636577 -0.0947014 0.115266 0.066332 0.118753 0.983977
1305031111.043327   0.360665 -0.0608302 -0.0959372 0.116392 0.0617521 0.11442 0.984656
1305031111.079283   0.357359 -0.0666393 -0.0915977 0.118058 0.0595094 0.111888 0.984887
1305031111.111508   0.349853 -0.0685215 -0.0926194 0.118661 0.0577677 0.107964 0.985356
1305031111.143257   0.336874 -0.0659046 -0.0924598 0.118752 0.0566872 0.105698 0.985653
1305031111.179326    0.32834  -0.072716 -0.0898307 0.115774 0.0515965 0.105623 0.986295
1305031111.211433     0.3201 -0.0801628 -0.0835958 0.114455 0.0434715 0.101545 0.987268
1305031111.243236   0.313031 -0.0807928 -0.0818122 0.114622 0.0410397 0.100972 0.987412
1305031111.279308   0.300728 -0.0796524 -0.0850419 0.110868 0.0387189 0.0978411 0.988249
1305031111.311547   0.287681 -0.0850108 -0.0786357 0.108459 0.0357316 0.0941164 0.98899
1305031111.343397   0.280659 -0.0919617 -0.0717941 0.110793 0.0392088 0.095581 0.988459
1305031111.379134   0.263885 -0.0844994 -0.0768632 0.111469 0.0424448 0.0914387 0.988642
1305031111.411296   0.251225 -0.0842513 -0.0720138 0.109324 0.0448462 0.0909517 0.98882
1305031111.443386   0.243539 -0.0998636 -0.0643547 0.106111 0.0470199 0.0984168 0.988354
1305031111.479259   0.221306  -0.101355 -0.0616165 0.104711 0.0415575 0.0956682 0.989018
1305031111.511264   0.212645  -0.103482 -0.0571882 0.102846 0.0301853 0.0926377 0.989914
1305031111.543250   0.196488  -0.103423 -0.0564883 0.100736 0.0244915 0.0903868 0.990496
1305031111.579237   0.186748  -0.113406 -0.0499636 0.0963797 0.0147587 0.0834319 0.991732
1305031111.611271   0.183773  -0.120206 -0.0465313 0.0948635 0.00916559 0.0761083 0.992534
1305031111.643395   0.171209  -0.107528 -0.0516406 0.0954552 0.00859238 0.0707555 0.992879
1305031111.679320    0.13797  -0.115112 -0.0466742 0.0910796 0.0101245 0.0598201 0.993994
1305031111.711760   0.119257  -0.124213 -0.0411975 0.0890911 0.00412723 0.055664 0.994458
1305031111.743386  0.0978855  -0.120501 -0.0429551 0.0873027 -0.00548575 0.0524696 0.994784
1305031111.779423  0.0799537   -0.13308 -0.0386629 0.0811295 -0.0201594 0.0458838 0.995443
1305031111.811406   0.073752  -0.127666 -0.0409549 0.0811758 -0.0353284 0.0439469 0.995104
1305031111.843299  0.0683281  -0.128473 -0.0396506 0.0783842 -0.0479296 0.041121 0.994921
1305031111.879442  0.0661998  -0.134033 -0.0366682 0.0777651 -0.0583142 0.0355678 0.994629
1305031111.911354 0.0682199 -0.123286 -0.041067 0.0811169 -0.0622174 0.0311069 0.994274
1305031111.943300  0.0616437   -0.12111 -0.0428092 0.0811955 -0.0605603 0.0230222 0.99459
1305031111.979449   0.035843  -0.127735 -0.0442054 0.078062 -0.0579066 0.0163086 0.995132
1305031112.011433   0.017725  -0.128874 -0.0413851 0.0754866 -0.0649278 0.0153902 0.994912
1305031112.043270 0.00572834  -0.132894 -0.0423971 0.0698487 -0.0743891 0.0162223 0.994648
1305031112.079339 -0.0102021  -0.137076 -0.0433716 0.065813 -0.0849695 0.0146254 0.9941
1305031112.111423 -0.0136316  -0.140032 -0.0417496 0.0616676 -0.0964856 0.0173487 0.993271
1305031112.144342 -0.0233647  -0.148412 -0.0417939 0.0576017 -0.104241 0.0227937 0.992621
1305031112.179390 -0.0486331   -0.14656 -0.0468931 0.0609048 -0.111145 0.022465 0.991682
1305031112.211254 -0.0690174  -0.130601 -0.0579276 0.0655202 -0.116367 0.0287896 0.990624
1305031112.243369 -0.0813709  -0.115388 -0.0662805 0.0655054 -0.125486 0.0320509 0.989411
1305031112.279353 -0.0839052  -0.114473 -0.0646552 0.0603703 -0.135103 0.0339196 0.988409
1305031112.311312 -0.0897984  -0.112266 -0.0678264 0.0542089 -0.139266 0.0342169 0.988178
1305031112.343323  -0.100982  -0.111048 -0.0728528 0.0484951 -0.139167 0.0321091 0.988559
1305031112.379360  -0.102094   -0.10804 -0.0726728 0.0465972 -0.141448 0.0302207 0.988387
1305031112.411442 -0.112382 -0.104816 -0.077298 0.0467994 -0.139113 0.0273609 0.988792
1305031112.443391  -0.122131   -0.10146 -0.0829582 0.0467866 -0.138051 0.0214104 0.989088
1305031112.479418   -0.1254 -0.101428 -0.083178 0.0457063 -0.138468 0.0128641 0.989228
1305031112.511504  -0.135655  -0.101888 -0.0863298 0.0447779 -0.133791 0.00447433 0.989987
1305031112.543212  -0.144484 -0.0994096 -0.0905115 0.0438779 -0.130301 0.000745642 0.990503
1305031112.579252  -0.151986 -0.0995855 -0.0923986 0.0428452 -0.127251 -0.0043541 0.990935
1305031112.611261  -0.168137  -0.102107 -0.0936826 0.0430742 -0.125394 -0.0106904 0.991114
1305031112.643246   -0.17566 -0.0996177 -0.0960981 0.047372 -0.131405 -0.0163036 0.990062
1305031112.679952 -0.184382 -0.100281 -0.100454 0.0491221 -0.134999 -0.0208406 0.989408
1305031112.711251   -0.18492 -0.0992752   -0.10165 0.0517466 -0.140158 -0.0208148 0.988557
1305031112.743245 -0.187949 -0.105235 -0.101623 0.0553783 -0.143601 -0.0226044 0.987826
1305031112.779310 -0.187305  -0.10534 -0.103155 0.0630895 -0.147619 -0.0254322 0.986702
1305031112.811310  -0.180734 -0.0994117  -0.108966 0.0668563 -0.146857 -0.0233761 0.986619
1305031112.843286 -0.178185 -0.099144 -0.108789 0.0705049 -0.14188 -0.0193626 0.98718
1305031112.879421 -0.171624 -0.100978 -0.108251 0.0741809 -0.140986 -0.0205424 0.987015
1305031112.911411   -0.16445 -0.0990581  -0.108145 0.0788316 -0.137745 -0.0211268 0.9871
1305031112.943321  -0.153455 -0.0923506  -0.105918 0.0839785 -0.13461 -0.0172583 0.987183
1305031112.979278  -0.150742 -0.0934759  -0.104824 0.0844004 -0.128169 -0.0143949 0.98805
1305031113.011353  -0.141039 -0.0929017 -0.0992746 0.0876313 -0.127351 -0.0102848 0.987925
1305031113.043231  -0.135049 -0.0976881 -0.0952848 0.0899197 -0.125662 -0.00879119 0.987951
1305031113.079251  -0.123993 -0.0821926 -0.0953899 0.0953203 -0.123177 -0.00175256 0.987795
1305031113.111316  -0.117098 -0.0904076 -0.0889557 0.0901323 -0.117621 0.00267108 0.988956
1305031113.143306 -0.0966384 -0.0993288 -0.0775469 0.0901214 -0.121728 0.00480344 0.988452
1305031113.179343 -0.0861582 -0.0968781 -0.0732265 0.0936673 -0.11954 0.00215584 0.988399
1305031113.211259 -0.0761291 -0.0911452 -0.0695974 0.0953755 -0.11222 0.00230658 0.989093
1305031113.243227 -0.0611782  -0.108674 -0.0599921 0.091271 -0.107454 0.00206669 0.99001
1305031113.279312 -0.0429596  -0.111052 -0.0591452 0.091478 -0.103986 0.00113091 0.990362
1305031113.311452 -0.0278587  -0.110569 -0.0563052 0.0867985 -0.0958547 -0.0023749 0.991601
1305031113.343252 -0.0174941  -0.111651 -0.0498717 0.0837423 -0.0843971 0.00138807 0.992906
1305031113.379312 -0.00914523   -0.119516  -0.0442342 0.0842899 -0.0731883 0.00490988 0.993738
1305031113.411625  0.0150103  -0.103955 -0.0468468 0.0894638 -0.0694381 0.00663185 0.993544
1305031113.443266   0.025546  -0.110875 -0.0437733 0.0860305 -0.0608171 0.0125018 0.994356
1305031113.479311 0.0435391  -0.11201 -0.041492 0.0892067 -0.0552772 0.0188634 0.994299
1305031113.511523  0.0609628  -0.108498 -0.0414592 0.0938924 -0.0502049 0.0215373 0.994082
1305031113.543242 0.0755078 -0.101831 -0.043289 0.0973773 -0.0437525 0.0257548 0.993952
1305031113.579301  0.0868538 -0.0989447 -0.0448385 0.099038 -0.037568 0.0300799 0.993919
1305031113.611268  0.0966628  -0.104402 -0.0438113 0.0991341 -0.0336933 0.0353123 0.993876
1305031113.643222   0.109659  -0.102766 -0.0444988 0.10195 -0.0334661 0.0389128 0.993465
1305031113.679288   0.123935 -0.0984439 -0.0457923 0.104018 -0.0344068 0.0422326 0.993083
1305031113.711931   0.135276 -0.0954669 -0.0471668 0.104521 -0.0347019 0.0469288 0.992809
1305031113.743590   0.144211 -0.0938675 -0.0482221 0.104267 -0.03617 0.0511954 0.992572
1305031113.779320   0.161261 -0.0901243 -0.0486425 0.103565 -0.0404252 0.054973 0.992279
1305031113.811237   0.177639 -0.0886417 -0.0480729 0.102566 -0.0429262 0.0568065 0.992175
1305031113.843295   0.186727 -0.0892563 -0.0482396 0.102785 -0.04366 0.059656 0.991953
1305031113.879281   0.203514  -0.080231 -0.0531602 0.102313 -0.0452277 0.0639595 0.991663
1305031113.911290   0.219455 -0.0788728 -0.0521801 0.0994212 -0.0456907 0.0645554 0.991897
1305031113.943291   0.227697 -0.0782851 -0.0532415 0.0963069 -0.0465627 0.066423 0.992041
1305031113.979293    0.24155 -0.0756041 -0.0530024 0.093023 -0.0492179 0.0709288 0.991914
1305031114.011257   0.258945 -0.0741077 -0.0517109 0.08931 -0.0519721 0.0756376 0.991767
1305031114.043301   0.278612  -0.069663 -0.0509298 0.0878175 -0.0510419 0.0775496 0.991801
1305031114.079285   0.293673 -0.0654164 -0.0502063 0.0849987 -0.0464001 0.0790752 0.992154
1305031114.111263   0.303815 -0.0663153 -0.0499111 0.0812495 -0.0400944 0.0823475 0.992477
1305031114.143284   0.311243 -0.0656768 -0.0482477 0.0801149 -0.033383 0.0855421 0.992547
1305031114.179337   0.322364 -0.0583636 -0.0533023 0.0781115 -0.0316585 0.0874821 0.992594
1305031114.211303   0.335568 -0.0606478 -0.0502184 0.0756839 -0.03178 0.0903549 0.992521
1305031114.243337   0.348237 -0.0577594 -0.0492394 0.0772076 -0.0288506 0.0938261 0.992171
1305031114.279390   0.364395 -0.0514129 -0.0514778 0.0768008 -0.0235476 0.0952175 0.99221
1305031114.311429   0.377874 -0.0516635 -0.0507255 0.075772 -0.0161711 0.0970432 0.99226
1305031114.343331   0.387438 -0.0505088 -0.0540434 0.0749324 -0.0109437 0.101126 0.991987
1305031114.379320   0.395285 -0.0469343 -0.0596622 0.0742888 -0.00893994 0.105644 0.991585
1305031114.411397   0.407205 -0.0410192 -0.0619855 0.073867 -0.00804601 0.10975 0.991178
1305031114.443345   0.419215 -0.0373714 -0.0629536 0.0734284 -0.00410167 0.11163 0.991025
1305031114.479332   0.429685 -0.0303905 -0.0655796 0.0734237 0.00295426 0.11281 0.990896
1305031114.511266   0.437772 -0.0309567 -0.0657821 0.0718578 0.0104389 0.116752 0.990503
1305031114.543236   0.444645 -0.0304224 -0.0671417 0.0727497 0.0140004 0.116552 0.990418
1305031114.579237   0.449324 -0.0231734 -0.0716166 0.0750055 0.0149209 0.112701 0.990682
1305031114.611391   0.454745 -0.0230252 -0.0711837 0.0768934 0.0163403 0.110875 0.99072
1305031114.644136   0.458393 -0.0213976 -0.0706303 0.0810258 0.0204934 0.109982 0.990413
1305031114.679251    0.45867 -0.0129815  -0.075046 0.0845852 0.0281804 0.109676 0.989961
1305031114.711306    0.458625 -0.00979726   -0.079365 0.0843674 0.0330232 0.109321 0.989869
1305031114.743200     0.45609 -0.00685578  -0.0815243 0.0838942 0.0365425 0.113067 0.989365
1305031114.779289    0.453973 -0.00772128  -0.0836672 0.0814533 0.0378329 0.116957 0.989068
1305031114.811303    0.45482 -0.0135616  -0.079837 0.0803888 0.0375545 0.119022 0.988919
1305031114.843208   0.453795 -0.0136507 -0.0804827 0.0805793 0.0380691 0.121073 0.988635
1305031114.879281   0.456179  -0.016978 -0.0773751 0.08056 0.0371182 0.120833 0.988702
1305031114.912879   0.453703 -0.0219659 -0.0754477 0.0808549 0.0377572 0.121611 0.988558
1305031114.943234  0.449891 -0.030453 -0.073754 0.0818296 0.0375493 0.12381 0.988213
1305031114.979280   0.445897 -0.0364182 -0.0718183 0.083724 0.03544 0.124337 0.988066
1305031115.011300    0.44137 -0.0459563 -0.0693015 0.0865933 0.034956 0.125656 0.987669
1305031115.043508   0.431194 -0.0478569 -0.0727414 0.0904848 0.0335352 0.124428 0.987525
1305031115.079238   0.420097 -0.0523043 -0.0730145 0.0929633 0.0316235 0.124141 0.987394
1305031115.111230   0.409358 -0.0622112 -0.0716498 0.0950375 0.0278628 0.122246 0.987546
1305031115.143275   0.394844 -0.0633326 -0.0735081 0.0986054 0.0208755 0.118243 0.987856
1305031115.179440   0.385814 -0.0655479 -0.0742337 0.101433 0.0184094 0.116248 0.987856
1305031115.211374   0.373853  -0.065288 -0.0769755 0.102473 0.0161662 0.111557 0.988328
1305031115.243297   0.359035 -0.0641644 -0.0800946 0.100077 0.0112893 0.106912 0.989155
1305031115.279966    0.34553   -0.07286 -0.0769179 0.0987674 0.00971403 0.10298 0.98972
1305031115.311704   0.322206 -0.0769303 -0.0805119 0.0982203 0.00755556 0.0969108 0.990406
1305031115.343235   0.305438 -0.0812197 -0.0813341 0.0959585 -0.000475911 0.0920169 0.991123
1305031115.379166   0.293411 -0.0843724 -0.0784726 0.102549 0.000200903 0.0874081 0.99088
1305031115.411237   0.274844  -0.081706 -0.0844958 0.109283 0.00948125 0.0842295 0.99039
1305031115.443159   0.256315 -0.0863628 -0.0870086 0.111431 0.0125012 0.0788992 0.990556
1305031115.479241   0.239096 -0.0921021  -0.087451 0.114449 0.0143415 0.0735323 0.9906
1305031115.511253    0.21571 -0.0907649 -0.0873028 0.118624 0.0146937 0.0710695 0.990284
1305031115.543604   0.192053 -0.0944509 -0.0861167 0.118476 0.00496147 0.0628082 0.990956
1305031115.579315   0.177278 -0.0939509 -0.0867664 0.119043 -0.00537329 0.0550353 0.991348
1305031115.611424   0.165563 -0.0934869 -0.0859706 0.119096 -0.0125834 0.0491817 0.991584
1305031115.643254   0.149198 -0.0931236 -0.0846029 0.118352 -0.0181175 0.0403231 0.991987
1305031115.679241   0.148144 -0.0957629 -0.0808898 0.11579 -0.0253522 0.0295215 0.992511
1305031115.711320   0.127742 -0.0990651 -0.0799763 0.114482 -0.0225156 0.0210268 0.992948
1305031115.743250   0.110759  -0.103983 -0.0744241 0.111302 -0.0304688 0.0148208 0.993209
1305031115.779425   0.095865  -0.101511 -0.0733317 0.110191 -0.0391478 0.00653681 0.993118
1305031115.811277  0.0799651  -0.108859 -0.0716656 0.106721 -0.0475937 -0.00240672 0.993146
1305031115.843224  0.0651063  -0.111521 -0.0719146 0.106374 -0.0568984 -0.0100914 0.992646
1305031115.879198  0.0597254  -0.101021 -0.0751748 0.10871 -0.0644086 -0.0174048 0.991832
1305031115.911118  0.0436226    -0.0997 -0.0763544 0.10708 -0.0662104 -0.0238457 0.991757
1305031115.943311  0.0270058  -0.100276 -0.0784569 0.106551 -0.0708786 -0.0310685 0.991291
1305031115.980740  0.0145833  -0.100278 -0.0815912 0.107061 -0.076188 -0.0374588 0.990621
1305031116.011379 -0.00774754  -0.0919298  -0.0875227 0.111223 -0.0810617 -0.0414646 0.989616
1305031116.043164 -0.0212818 -0.0926033 -0.0921336 0.111184 -0.0929077 -0.0455655 0.988398
1305031116.080030 -0.0315865  -0.097055 -0.0939881 0.112595 -0.103997 -0.051226 0.986855
1305031116.111300 -0.0394494 -0.0954267 -0.0998764 0.116797 -0.115048 -0.0550374 0.984933
1305031116.143441 -0.0450962 -0.0777088  -0.105714 0.126746 -0.123918 -0.0587195 0.982411
1305031116.179572 -0.0527865 -0.0748337  -0.111665 0.128552 -0.129079 -0.0622054 0.981297
1305031116.211299 -0.0676979 -0.0722697  -0.118429 0.13153 -0.131134 -0.0663192 0.98036
1305031116.243320 -0.0745515 -0.0687348  -0.126131 0.131978 -0.137484 -0.069109 0.979236
1305031116.279385 -0.0856449 -0.0632569  -0.131558 0.132121 -0.144077 -0.0727187 0.978007
1305031116.311336    -0.0923 -0.0630229  -0.133882 0.133194 -0.152487 -0.0777188 0.9762
1305031116.343292 -0.0902591 -0.0509786   -0.13499 0.137617 -0.160536 -0.0817092 0.973968
1305031116.379384  -0.089842 -0.0430576  -0.134469 0.135216 -0.16436 -0.0833094 0.973531
1305031116.411333 -0.0941955 -0.0519783  -0.132669 0.12927 -0.165402 -0.0898628 0.973579
1305031116.443369 -0.0943802 -0.0562711  -0.128298 0.132459 -0.168247 -0.0985997 0.971816
1305031116.479850 -0.0942313 -0.0409668  -0.128731 0.140139 -0.167243 -0.0996649 0.970803
1305031116.511205 -0.0961454 -0.0417728  -0.127051 0.137666 -0.164866 -0.0961931 0.971913
1305031116.543262 -0.0939368 -0.0470788  -0.123709 0.133265 -0.164874 -0.093277 0.972809
1305031116.579313 -0.0922893 -0.0594798  -0.119201 0.129642 -0.162028 -0.0920655 0.973891
1305031116.611261 -0.0812039 -0.0589896  -0.113489 0.130766 -0.158659 -0.0852789 0.974913
1305031116.643355 -0.0716828 -0.0676607  -0.107351 0.126696 -0.152722 -0.0758389 0.977176
1305031116.679281 -0.0594995 -0.0734944  -0.100127 0.125037 -0.149054 -0.0658553 0.978679
1305031116.711634 -0.0518403 -0.0788565 -0.0950548 0.122778 -0.144701 -0.0561001 0.980224
1305031116.743291  -0.037129 -0.0867442 -0.0869392 0.120958 -0.143694 -0.0441769 0.981208
1305031116.779298 -0.0244914 -0.0926953  -0.079818 0.120439 -0.141791 -0.0330546 0.981986
1305031116.811318 -0.0101462 -0.0975165 -0.0733707 0.117743 -0.139037 -0.0251522 0.982941
1305031116.846089   0.010273  -0.102475 -0.0627314 0.11481 -0.133978 -0.01616 0.984179
1305031116.880165  0.0252384  -0.116666 -0.0550548 0.109857 -0.125382 -0.00917248 0.985965
1305031116.912044  0.0495792  -0.117747 -0.0468194 0.109677 -0.118659 -0.00263904 0.986856
1305031116.943296  0.0648491  -0.126346 -0.0426508 0.106688 -0.106217 0.00680835 0.988579
1305031116.979351  0.0748887  -0.121752 -0.0396861 0.107169 -0.093152 0.019719 0.989671
1305031117.011382  0.0959109  -0.126431 -0.0354622 0.102745 -0.0852377 0.0296193 0.990606
1305031117.043261   0.105582  -0.130559 -0.0326856 0.101441 -0.07353 0.0366545 0.991443
1305031117.079520   0.117136  -0.132408 -0.0334887 0.102107 -0.0630497 0.0438309 0.991805
1305031117.111238   0.128768  -0.131973 -0.0352065 0.103279 -0.0508218 0.0470734 0.992237
1305031117.143218   0.131997  -0.132845 -0.0379156 0.105243 -0.0367961 0.0494784 0.992533
1305031117.179264   0.134963  -0.135672 -0.0411555 0.106318 -0.0255721 0.0557569 0.992438
1305031117.211361   0.137558  -0.133431 -0.0444282 0.108159 -0.0176428 0.0614777 0.992074
1305031117.243277   0.138096  -0.138545 -0.0449042 0.109979 -0.0139052 0.0639415 0.991778
1305031117.279299   0.136974  -0.137371 -0.0476688 0.114452 -0.0134841 0.0682164 0.990992
1305031117.311200   0.145275  -0.132489 -0.0487977 0.118819 -0.0178585 0.069573 0.990314
1305031117.343243   0.145788  -0.121969 -0.0502115 0.123595 -0.0169405 0.0706726 0.989668
1305031117.379454    0.14476   -0.12053 -0.0494513 0.122098 -0.0161036 0.0707053 0.989865
1305031117.411221   0.147237  -0.114904 -0.0476343 0.121124 -0.0154822 0.0703049 0.990023
1305031117.443274   0.145014  -0.111938 -0.0454149 0.118364 -0.0130824 0.0696531 0.990438
1305031117.479403   0.143308  -0.104988 -0.0434524 0.117496 -0.0113022 0.068259 0.99066
1305031117.511325   0.140667 -0.0978928 -0.0410043 0.114536 -0.00882967 0.0668009 0.991131
1305031117.544285   0.139039   -0.09265 -0.0385134 0.109926 -0.00777564 0.0664988 0.991682
1305031117.579155   0.137168 -0.0902397 -0.0362159 0.105754 -0.00585685 0.0678324 0.992059
1305031117.611159   0.133628 -0.0854083 -0.0360736 0.10395 -0.00278874 0.0670363 0.992317
1305031117.643252   0.133126 -0.0754912 -0.0359384 0.10291 -0.000769203 0.0663783 0.992473
1305031117.679262   0.132101 -0.0721919 -0.0350722 0.101001 0.00217847 0.066208 0.992678
1305031117.711184   0.127719 -0.0604211 -0.0370458 0.102229 0.00650562 0.0643472 0.992656
1305031117.743184   0.124339 -0.0486045 -0.0379763 0.102698 0.0101688 0.0613479 0.992767
1305031117.779467   0.121761 -0.0415291 -0.0379606 0.101795 0.0135612 0.05975 0.992917
1305031117.811320   0.119386 -0.0296713 -0.0387353 0.102839 0.0160762 0.058232 0.992862
1305031117.843291   0.116013 -0.0188102 -0.0387206 0.100681 0.0159255 0.0578915 0.993105
1305031117.879451   0.113282 -0.0135432 -0.0372864 0.0983267 0.0133555 0.057625 0.993395
1305031117.911407    0.114288 0.000852797  -0.0387435 0.0990185 0.0106597 0.0576331 0.993358
1305031117.943253   0.112912  0.0087708 -0.0395469 0.0975544 0.00863131 0.057386 0.993537
1305031117.979228   0.113671  0.0178008 -0.0415625 0.0990714 0.00663105 0.0577623 0.99338
1305031118.011228     0.1133  0.0345415 -0.0440888 0.102369 0.00589126 0.0581008 0.993031
1305031118.043521   0.112899  0.0459935 -0.0451527 0.101906 0.00407938 0.0578049 0.993105
1305031118.079334   0.110089  0.0544318 -0.0456796 0.101382 0.00288421 0.0593719 0.99307
1305031118.111217   0.109418  0.0655099 -0.0450429 0.100697 -0.00270317 0.0613116 0.993022
1305031118.143256   0.110261  0.0755421 -0.0458977 0.0996575 -0.00816581 0.0618493 0.993064
1305031118.179323   0.110052  0.0893955 -0.0466389 0.100273 -0.011966 0.0633543 0.992869
1305031118.211202   0.112943   0.103829 -0.0475199 0.098736 -0.0156543 0.0616222 0.99308
1305031118.243173   0.112576   0.114073 -0.0466066 0.095917 -0.0151127 0.0619371 0.993346
1305031118.279194   0.107316   0.127619 -0.0483703 0.0933067 -0.0137694 0.0622186 0.993596
1305031118.311299   0.105676   0.140471 -0.0497771 0.0886451 -0.0135959 0.06227 0.994022
1305031118.343324   0.105758   0.140016 -0.0461789 0.0811658 -0.0165324 0.0639386 0.99451
1305031118.379208   0.107131   0.147427 -0.0473738 0.0771291 -0.019151 0.0647852 0.99473
1305031118.411296   0.105541   0.143915 -0.0503964 0.071241 -0.0166084 0.0639181 0.99527
1305031118.445692   0.100293   0.140394 -0.0534897 0.0681535 -0.0144028 0.0608001 0.995716
1305031118.479285  0.0997783   0.143722 -0.0559658 0.0676671 -0.0136444 0.0583937 0.995904
1305031118.511255  0.0974981   0.141029 -0.0572435 0.0649127 -0.0127973 0.0572908 0.996163
1305031118.544414  0.0964102   0.133406 -0.0525836 0.0645694 -0.0137296 0.0582542 0.996117
1305031118.579285  0.0963429   0.132644 -0.0544624 0.0669749 -0.0147479 0.0586239 0.995922
1305031118.616142  0.0903773   0.130831 -0.0546838 0.0688629 -0.0147211 0.0600642 0.995708
1305031118.645325  0.0904808   0.122981 -0.0546464 0.0699449 -0.0165933 0.0618778 0.995492
1305031118.679295  0.0931779   0.115127 -0.0525694 0.0727121 -0.0184331 0.0636114 0.995152
1305031118.711421  0.0980894   0.109118 -0.0566196 0.0731178 -0.0191531 0.0660199 0.994951
1305031118.746770   0.106043   0.109712 -0.0549443 0.0741603 -0.0190379 0.0665376 0.994842
1305031118.779277   0.103326  0.0857205 -0.0481953 0.0724498 -0.0134756 0.0662094 0.995081
1305031118.811221  0.103227 0.0797945 -0.049768 0.0766265 -0.0110003 0.0680566 0.994674
1305031118.846753   0.100906  0.0793168 -0.0535166 0.0761921 -0.00955309 0.0676055 0.994753
1305031118.879208   0.103521  0.0531907 -0.0426338 0.0719645 -0.0125588 0.0693147 0.994917
1305031118.911177  0.107642 0.0431177 -0.039791 0.0740002 -0.0146552 0.0725188 0.99451
1305031118.946974   0.109878  0.0333354 -0.0376374 0.0743696 -0.0160251 0.0739221 0.994358
1305031118.979374   0.117258  0.0122413 -0.0287909 0.073057 -0.0192248 0.0773967 0.994134
1305031119.011363   0.124057 -0.0013332 -0.0247905 0.0756605 -0.0203197 0.0797898 0.993728
1305031119.047172    0.127653 -0.00752654   -0.024037 0.0792639 -0.019539 0.0803141 0.993421
1305031119.079223   0.133098 -0.0149819 -0.0223507 0.0808331 -0.0176794 0.080324 0.993328
1305031119.111328   0.136744 -0.0271463  -0.019032 0.0801043 -0.0142032 0.0802593 0.993449
1305031119.147616   0.139487 -0.0395486 -0.0158119 0.0798307 -0.0101409 0.0790351 0.993618
1305031119.179226   0.138795 -0.0462247 -0.0156848 0.0804479 -0.0044701 0.079504 0.993573
1305031119.211364   0.139343  -0.055477 -0.0148208 0.0786853 -0.00170948 0.0776917 0.993866
1305031119.247399   0.141762 -0.0700228 -0.0114625 0.0763661 -0.000239662 0.0771481 0.994091
1305031119.279212    0.144148  -0.0825325 -0.00858025 0.0754026 0.000673451 0.0775103 0.994136
1305031119.311212    0.148847  -0.0927114 -0.00668649 0.074983 0.000546869 0.0754025 0.99433
1305031119.347741   0.150159 -0.0990859  -0.006846 0.0748751 0.00329163 0.072963 0.994515
1305031119.379239       0.153   -0.116787 -0.00156134 0.0718275 0.00507218 0.073392 0.9947
1305031119.411484     0.15266    -0.12887 0.000292515 0.0718957 0.00559806 0.0730549 0.994717
1305031119.447706   0.155752  -0.139841 0.00233131 0.0722653 0.00267033 0.0725347 0.994741
1305031119.479267   0.157327  -0.145428 0.00100562 0.0728874 0.00119483 0.0721078 0.994729
1305031119.511240   0.162549  -0.159768 0.00349851 0.0728916 -0.00068857 0.0716243 0.994764
1305031119.547382   0.165473  -0.169884 0.00390549 0.0743649 -0.000579244 0.0700122 0.99477
1305031119.579559     0.1678   -0.18763 0.00777219 0.0746688 -0.00197507 0.0704223 0.994717
1305031119.615017   0.17743  -0.19746 0.0090187 0.0782113 -0.00667335 0.0696448 0.994479
1305031119.647903   0.182937  -0.209047 0.00886965 0.0808017 -0.00794961 0.0685456 0.994339
1305031119.679208    0.18046  -0.225757 0.00943474 0.083509 -0.00836364 0.0701176 0.994002
1305031119.715232   0.185382  -0.237224 0.00913209 0.0887456 -0.0133674 0.0676037 0.993668
1305031119.747193   0.192177  -0.237983 0.00522043 0.0953187 -0.0152605 0.0626144 0.993358
1305031119.779169   0.194272  -0.246696 0.00296895 0.0980867 -0.013105 0.0606961 0.993239
1305031119.814537    0.196898   -0.255048 0.000775304 0.10023 -0.0120026 0.0569314 0.993262
1305031119.847429    0.196807   -0.265817 -0.00123173 0.101964 -0.011839 0.0532799 0.99329
1305031119.879214    0.196793    -0.26814 -0.00639936 0.103648 -0.0132992 0.0534696 0.993087
1305031119.911401    0.203291   -0.276841 -0.00350823 0.104614 -0.0171285 0.0515128 0.99303
1305031119.947392    0.203209   -0.289179 -0.00412696 0.106784 -0.0184174 0.0519613 0.992753
1305031119.979537     0.20396   -0.289701 -0.00652404 0.111641 -0.021842 0.0516905 0.992163
1305031120.015264    0.205606   -0.302857 -0.00393745 0.115454 -0.0241606 0.0477069 0.991872
1305031120.047290    0.203837   -0.313298 -0.00954302 0.117941 -0.0229175 0.0480268 0.991594
1305031120.079418   0.204278  -0.308789 -0.0140628 0.120932 -0.0196105 0.0464196 0.991381
1305031120.115232   0.204312   -0.31218 -0.0134325 0.121887 -0.0169902 0.045661 0.991348
1305031120.148157   0.204681  -0.311735 -0.0162321 0.122241 -0.0166757 0.0446637 0.991355
1305031120.179246   0.203295  -0.310779 -0.0176494 0.119402 -0.016516 0.0425272 0.991797
1305031120.215249   0.203824  -0.306348 -0.0166481 0.114772 -0.0172009 0.0430415 0.99231
1305031120.248003   0.202868  -0.301153 -0.0140945 0.111805 -0.0177867 0.0453144 0.992537
1305031120.279430   0.201476  -0.294592 -0.0126736 0.108926 -0.0188717 0.0472001 0.992749
1305031120.315196   0.200243   -0.28814 -0.0117904 0.105817 -0.0196821 0.049321 0.992967
1305031120.347787     0.19622   -0.279189 -0.00989971 0.102974 -0.0192413 0.0511873 0.99318
1305031120.379437    0.19289  -0.273081 -0.0104693 0.0997901 -0.0183893 0.0522088 0.993468
1305031120.415445   0.186292  -0.267327 -0.0126544 0.0897903 -0.01561 0.0523178 0.994463
1305031120.447417   0.183769  -0.255432 -0.0118342 0.0847562 -0.0145839 0.0518779 0.994943
1305031120.479432    0.1795 -0.247852 -0.013475 0.0802155 -0.0128517 0.0518799 0.995344
1305031120.514819   0.177339  -0.229092 -0.0155734 0.0768951 -0.0104212 0.0498695 0.995737
1305031120.547736   0.174968   -0.21999 -0.0171363 0.0698903 -0.00669562 0.0479769 0.996378
1305031120.579551   0.170415  -0.214677 -0.0191185 0.0646877 -0.000638671 0.0445801 0.996909
1305031120.615236   0.166246  -0.201637 -0.0231343 0.0621152 0.00493977 0.042891 0.997135
1305031120.647354    0.16099   -0.19068 -0.0252869 0.0578626 0.00929092 0.0426805 0.997369
1305031120.679318   0.158193  -0.182956 -0.0269609 0.0548654 0.0112226 0.0421034 0.997543
1305031120.714522   0.156032  -0.173092 -0.0296337 0.0528962 0.0122267 0.0413814 0.997667
1305031120.747369   0.155197  -0.162786 -0.0317816 0.0518611 0.0144546 0.0414872 0.997687
1305031120.779894    0.15297  -0.152239 -0.0342055 0.0494456 0.0165105 0.0424477 0.997738
1305031120.814944   0.151602  -0.145666 -0.0353987 0.0461311 0.0168094 0.0429073 0.997872
1305031120.847921   0.149531  -0.138408 -0.0366027 0.0458953 0.0179612 0.0451625 0.997763
1305031120.883435   0.148608  -0.124465 -0.0393032 0.0452006 0.0167448 0.0470734 0.997728
1305031120.915444   0.147578  -0.119513 -0.0387689 0.0428511 0.0152179 0.0487242 0.997777
1305031120.947488   0.148066  -0.108501 -0.0405718 0.0434433 0.0141299 0.0510293 0.997652
1305031120.983366   0.147327 -0.0984274 -0.0420693 0.0432799 0.0138348 0.0531622 0.997552
1305031121.015019   0.150624 -0.0873518 -0.0426668 0.0419185 0.01227 0.0556604 0.997494
1305031121.047498   0.147575 -0.0776268 -0.0443377 0.0424667 0.0130485 0.0560587 0.997439
1305031121.083099   0.149214  -0.064052 -0.0451862 0.0424072 0.0129638 0.0574775 0.997361
1305031121.114696   0.146403 -0.0548729 -0.0458837 0.0401695 0.0148585 0.0569535 0.997458
1305031121.147331   0.145885 -0.0471729 -0.0464053 0.0378459 0.0151748 0.0579611 0.997486
1305031121.183271   0.143323 -0.0359631 -0.0460324 0.0369117 0.0168616 0.0582956 0.997474
1305031121.211420   0.140422 -0.0250274 -0.0477205 0.0348903 0.0165828 0.0587761 0.997523
1305031121.247194   0.139391 -0.0182702 -0.0456414 0.0328256 0.0152896 0.0593684 0.997579
1305031121.282876    0.136273 -0.00624979  -0.0493621 0.0336787 0.0176583 0.057895 0.997598
1305031121.313568    0.13599 0.00643075 -0.0507458 0.0316934 0.0168768 0.0575144 0.997699
1305031121.347517   0.134382  0.0126437 -0.0518363 0.0291213 0.018538 0.0556233 0.997855
1305031121.383226   0.131033  0.0227286 -0.0561582 0.0270505 0.0203783 0.0555177 0.997883
1305031121.414318   0.132037  0.0312691 -0.0571333 0.0225455 0.0181619 0.057299 0.997937
1305031121.447319   0.129075  0.0382599 -0.0592786 0.0208904 0.0184675 0.0569387 0.997988
1305031121.482964   0.125894  0.0509272 -0.0609649 0.0200439 0.0165677 0.0556929 0.998109
1305031121.514107   0.13103 0.0558233 -0.061471 0.0157725 0.0129252 0.0558547 0.998231
1305031121.547270   0.127818  0.0617032 -0.0630639 0.0166543 0.0137671 0.0551734 0.998243
1305031121.583204    0.12699  0.0747974 -0.0642918 0.0193832 0.012059 0.055864 0.998177
1305031121.614700   0.126619  0.0835474 -0.0664391 0.0185074 0.00981725 0.0575333 0.998124
1305031121.647183   0.123184  0.0880844 -0.0653141 0.0177858 0.00615002 0.0599419 0.998024
1305031121.683200    0.12505  0.0938904 -0.0691129 0.0196277 0.00190056 0.0611304 0.997935
1305031121.714520   0.127234   0.103815 -0.0753627 0.0210814 0.000748999 0.0600811 0.997971
1305031121.747145   0.122983   0.104988 -0.0777944 0.0215047 0.00207628 0.0592334 0.99801
1305031121.782835   0.121654    0.11356 -0.0814827 0.0238903 0.00196732 0.0570481 0.998084
1305031121.811540   0.118757   0.116033 -0.0821413 0.0243562 0.00144707 0.0551764 0.998178
1305031121.847335    0.12009    0.11727 -0.0849982 0.0254066 -0.000458296 0.0521444 0.998316
1305031121.882060   0.122958   0.119178 -0.0856801 0.0272122 -0.00133513 0.0461221 0.998564
1305031121.914931   0.121873   0.119212 -0.0844708 0.0288536 0.000937446 0.0433108 0.998644
1305031121.947288   0.120305   0.119961 -0.0864791 0.0289058 0.00338627 0.0439996 0.998608
1305031121.982926   0.119323   0.116903 -0.0835237 0.0289231 0.00305973 0.0449706 0.998565
1305031122.014256   0.120068   0.111978 -0.0828369 0.0290167 0.00300276 0.0464507 0.998495
1305031122.047306   0.120824   0.106285 -0.0818825 0.0279062 0.00415033 0.0500615 0.998348
1305031122.082959   0.120347  0.0989319 -0.0802177 0.0269835 0.00477711 0.0538823 0.998171
1305031122.114672    0.12243  0.0902416 -0.0746745 0.0259731 0.00409712 0.0578783 0.997977
1305031122.150725   0.122188  0.0805937 -0.0716712 0.0264496 0.0046972 0.0629198 0.997657
1305031122.183042   0.124911  0.0699119 -0.0707749 0.0247032 0.0029874 0.0681882 0.997362
1305031122.214959   0.128697  0.0515488 -0.0584882 0.0262811 0.000650777 0.0738349 0.996924
1305031122.251319  0.132714 0.0430419  -0.06006 0.0318137 -0.000160467 0.0764654 0.996565
1305031122.283560   0.138098  0.0358675 -0.0609396 0.0337771 0.000167369 0.0781942 0.996366
1305031122.314289   0.138633  0.0159343 -0.0558005 0.037407 0.00438958 0.0813557 0.995973
1305031122.351327  0.141673 0.0100838 -0.056813 0.0449858 0.00720731 0.0836301 0.995455
1305031122.382630   0.148127 -0.0017742 -0.0536981 0.0493161 0.00881638 0.0844791 0.995165
1305031122.414997    0.152657 -0.00595997  -0.0533278 0.0544899 0.0129315 0.0850451 0.994802
1305031122.451257   0.157228 -0.0167134 -0.0506509 0.0561219 0.0175866 0.0840294 0.994726
1305031122.483360   0.159383 -0.0281724 -0.0495819 0.0580885 0.0233609 0.0842707 0.994474
1305031122.515097   0.161468 -0.0380034 -0.0475816 0.0594425 0.0275645 0.0857699 0.994158
1305031122.551490   0.162468 -0.0511584 -0.0447106 0.0603134 0.0290698 0.0873876 0.993922
1305031122.583208   0.166471 -0.0607322 -0.0427873 0.0621666 0.0274792 0.0886677 0.99374
1305031122.614980   0.169484 -0.0668408  -0.044078 0.0639601 0.0284757 0.0866504 0.993776
1305031122.648788   0.172723 -0.0762696 -0.0420486 0.0630101 0.0304788 0.0857349 0.993856
1305031122.683402   0.174887 -0.0879905 -0.0401314 0.0619485 0.0323047 0.0843895 0.99398
1305031122.715208   0.179471 -0.0985458 -0.0386385 0.0610948 0.0349667 0.0818342 0.994157
1305031122.751298   0.181067  -0.112955 -0.0364389 0.0597863 0.0380482 0.0824554 0.994072
1305031122.783423  0.184768  -0.12758 -0.034408 0.0621184 0.0382527 0.0831246 0.993865
1305031122.812555  0.186192 -0.138105 -0.034027 0.0666729 0.0381729 0.0835239 0.99354
1305031122.851418   0.186487  -0.145406 -0.0343452 0.0701124 0.0346593 0.0849932 0.993307
1305031122.883754   0.191304  -0.158501 -0.0335473 0.0725683 0.0282099 0.0834945 0.993462
1305031122.914571   0.195556  -0.162975 -0.0354511 0.0769619 0.025742 0.0817337 0.993345
1305031122.951341   0.197078  -0.166131 -0.0377342 0.0796527 0.025752 0.079929 0.993279
1305031122.982815   0.201715  -0.177265 -0.0362516 0.0802673 0.0258205 0.0760108 0.993536
1305031123.015450   0.202826  -0.184743 -0.0363879 0.0820629 0.0276933 0.0733671 0.993537
1305031123.051827  0.204177 -0.190187 -0.036855 0.0821437 0.0273619 0.0719355 0.993644
1305031123.082975   0.206923  -0.201973 -0.0357265 0.0808138 0.0265529 0.069751 0.993931
1305031123.113873  0.207629 -0.216848 -0.032934 0.0820517 0.0264963 0.0676795 0.993974
1305031123.150822   0.209404   -0.22335 -0.0344673 0.0855334 0.0259871 0.0670342 0.993738
1305031123.182155   0.210723  -0.234887 -0.0351134 0.0873892 0.0243636 0.0665114 0.993653
1305031123.214704   0.209854   -0.24751 -0.0359232 0.0910117 0.0209013 0.0659497 0.993444
1305031123.250618    0.21197  -0.258393 -0.0373172 0.0971358 0.0177299 0.0648063 0.993001
1305031123.282347   0.217948  -0.271978 -0.0428777 0.102918 0.0133343 0.0624136 0.99264
1305031123.311327   0.222712  -0.276881 -0.0448721 0.110112 0.00806276 0.0603306 0.992054
1305031123.350481   0.225446  -0.286385 -0.0485256 0.114362 0.00383325 0.0581298 0.99173
1305031123.382255   0.228568  -0.296028 -0.0522214 0.118248 -0.00091695 0.053469 0.991543
1305031123.411363   0.227187  -0.302453 -0.0575469 0.120701 -0.00402796 0.0516241 0.991337
1305031123.451255  0.229665 -0.309253 -0.058991 0.123991 -0.00603145 0.0479132 0.991108
1305031123.483594   0.234617  -0.319112 -0.0615803 0.127014 -0.00878246 0.0424057 0.990955
1305031123.511360  0.233159 -0.326845 -0.066256 0.128849 -0.008816 0.0400014 0.990818
1305031123.551513   0.234075  -0.328863 -0.0681657 0.132957 -0.00815146 0.0370964 0.990394
1305031123.579583   0.234008  -0.340805 -0.0725605 0.132176 -0.00810672 0.0344135 0.990596
1305031123.611335   0.229573  -0.345567 -0.0732455 0.135132 -0.00742954 0.0334616 0.990235
1305031123.652411   0.228391  -0.353658 -0.0754183 0.138702 -0.00916948 0.0329923 0.989742
1305031123.683753   0.228183  -0.359483 -0.0781284 0.142717 -0.0123572 0.0309723 0.989202
1305031123.711323   0.229951  -0.366543 -0.0818533 0.145941 -0.0161188 0.0280022 0.988765
1305031123.751723   0.229961   -0.37126 -0.0861403 0.147569 -0.0169057 0.0252348 0.988585
1305031123.783858   0.230534  -0.372909 -0.0880714 0.149 -0.0163059 0.0235798 0.988421
1305031123.811608   0.230772   -0.37194 -0.0883358 0.151102 -0.0161148 0.0221114 0.988139
1305031123.851444  0.232646 -0.372714 -0.089186 0.151574 -0.0160357 0.0190091 0.988133
1305031123.883786   0.227652  -0.376771 -0.0911164 0.148113 -0.0125146 0.0199308 0.98869
1305031123.911243   0.222689  -0.374235 -0.0893771 0.145787 -0.00950799 0.0227837 0.989008
1305031123.951442   0.223077  -0.372626 -0.0849499 0.147168 -0.00846888 0.0207992 0.988857
1305031123.983415   0.220238  -0.376297 -0.0902316 0.142992 -0.00442901 0.0205252 0.989501
1305031124.011302   0.213626  -0.371488 -0.0886697 0.137298 0.00196507 0.0238246 0.990241
1305031124.051505   0.210844  -0.365517 -0.0839736 0.134933 0.00605505 0.025648 0.990504
1305031124.083837   0.209679  -0.361177 -0.0853515 0.131725 0.00925217 0.0265995 0.990886
1305031124.111331   0.211536  -0.355912 -0.0841644 0.123228 0.0104922 0.0289362 0.991901
1305031124.147446   0.209864  -0.348846 -0.0790041 0.12026 0.0117416 0.0312742 0.99218
1305031124.182694   0.207358  -0.343865 -0.0811491 0.116383 0.013402 0.034269 0.992523
1305031124.211396    0.20468  -0.333703 -0.0809714 0.10997 0.0147704 0.0368091 0.993143
1305031124.249327   0.204182  -0.326136 -0.0781506 0.105236 0.0165942 0.036262 0.993647
1305031124.282545   0.199004  -0.318317 -0.0768326 0.104512 0.0231053 0.037873 0.993534
1305031124.311361   0.196189  -0.301465 -0.0777249 0.102686 0.027926 0.0400001 0.993517
1305031124.350354   0.195554  -0.292339 -0.0746942 0.0980368 0.0308455 0.042116 0.993813
1305031124.382420   0.192054  -0.284657 -0.0732652 0.0933472 0.0338082 0.044405 0.994068
1305031124.411439   0.189159   -0.27185 -0.0711057 0.0892608 0.0357933 0.0457124 0.994315
1305031124.450245    0.18587  -0.257878 -0.0686687 0.0841544 0.0373939 0.048649 0.994562
1305031124.480099  0.183003 -0.248131 -0.067011 0.0773798 0.0387162 0.0518946 0.994897
1305031124.511324    0.17946  -0.236479 -0.0652502 0.0717122 0.0411791 0.0541635 0.995102
1305031124.550437   0.172344  -0.227496 -0.0652432 0.0671758 0.045289 0.05618 0.995128
1305031124.579404   0.170688  -0.215738 -0.0648852 0.0634092 0.047444 0.0593323 0.995092
1305031124.611358   0.166819  -0.200989 -0.0654846 0.0596582 0.0502336 0.0617414 0.99504
1305031124.651271   0.162805  -0.191849 -0.0656601 0.0550117 0.0530959 0.0641296 0.995009
1305031124.679362   0.158386  -0.176406 -0.0670642 0.0522981 0.055074 0.0665054 0.994891
1305031124.711251   0.155874  -0.166766 -0.0669149 0.0475802 0.0547884 0.0689055 0.994981
1305031124.749890   0.152621  -0.153301 -0.0693275 0.0458442 0.0549127 0.0707776 0.994924
1305031124.779365   0.149655  -0.139383 -0.0713694 0.0432091 0.0561056 0.071786 0.994903
1305031124.811360   0.146925  -0.132359 -0.0741436 0.0391848 0.0569333 0.0727102 0.994955
1305031124.850535  0.142519 -0.118862 -0.077359 0.0391817 0.0588437 0.0733772 0.994795
1305031124.879355   0.136751  -0.106756 -0.0792788 0.0367838 0.0591613 0.0743533 0.994796
1305031124.911448   0.133582 -0.0985306 -0.0819343 0.0348748 0.0567397 0.0745391 0.994992
1305031124.950730   0.129248  -0.088759 -0.0853039 0.0369637 0.0562275 0.0743008 0.994963
1305031124.979438    0.12877 -0.0674441 -0.0905937 0.0381992 0.0540753 0.0727403 0.995151
1305031125.011454   0.127303 -0.0554222 -0.0947108 0.0337024 0.056183 0.0719238 0.995256
1305031125.050763   0.123466 -0.0527289 -0.0946259 0.0292988 0.0585286 0.0728554 0.995192
1305031125.079364   0.119876  -0.041199 -0.0984815 0.0300747 0.0581199 0.0693839 0.995441
1305031125.111364   0.120017 -0.0272625  -0.101249 0.0298434 0.0583488 0.0682451 0.995514
1305031125.151013   0.116372 -0.0189186   -0.10293 0.0258966 0.0586312 0.0712659 0.995396
1305031125.179353    0.12041 -0.0216932   -0.10332 0.0225594 0.0543492 0.0714632 0.995706
1305031125.211320    0.119273 -0.00751986   -0.106268 0.0269998 0.0530129 0.0702632 0.995753
1305031125.250632    0.12031 0.00561805  -0.108023 0.0259242 0.0516204 0.0729535 0.995661
1305031125.279467   0.121375 0.00881691  -0.110178 0.0219085 0.0506143 0.0750969 0.99565
1305031125.311493  0.120007 0.0192558 -0.112541 0.0220912 0.0485847 0.0746319 0.995782
1305031125.348880  0.119635 0.0265436 -0.114679 0.0190551 0.0469425 0.0774475 0.995708
1305031125.379401  0.116591 0.0291071 -0.113832 0.0185424 0.0449224 0.0824501 0.99541
1305031125.411335  0.115388 0.0330153 -0.114249 0.0186689 0.0383456 0.0832007 0.99562
1305031125.451195  0.117469 0.0389905 -0.116992 0.0220232 0.0322583 0.0847154 0.995639
1305031125.479424  0.118108 0.0501169 -0.121371 0.023352 0.0272094 0.0863616 0.995618
1305031125.511316   0.11725 0.0483352 -0.120971 0.0218243 0.0237541 0.0864522 0.995734
1305031125.551020  0.115563 0.0512381 -0.121664 0.0232266 0.0209988 0.0881007 0.995619
1305031125.579308  0.114239 0.0529095 -0.121033 0.0251037 0.0176806 0.09005 0.995464
1305031125.611533  0.118734 0.0621025 -0.121999 0.0266694 0.0122149 0.091041 0.995415
1305031125.650575   0.12246 0.0647446 -0.121743 0.0226403 0.0110091 0.0875718 0.99584
1305031125.679328  0.125608 0.0552368 -0.117955 0.0163109 0.0147717 0.0861074 0.996043
1305031125.711443  0.126421 0.0568822 -0.116316 0.0150554 0.0196891 0.0856768 0.996015
1305031125.751260  0.122014 0.0437435 -0.111756 0.00855264 0.0239348 0.0839245 0.996148
1305031125.779348  0.121328 0.0361705 -0.107464 0.0086677 0.0255837 0.0867711 0.995862
1305031125.811573   0.11968 0.0292994 -0.103432 0.00928492 0.0259931 0.0876057 0.995773
1305031125.847412   0.124917  0.0209476 -0.0971719 0.0113139 0.0233912 0.0895985 0.995639
1305031125.879318   0.128669  0.0136923 -0.0988616 0.0114863 0.0240421 0.0902143 0.995566
1305031125.911305   0.134518 -0.0011475 -0.0931152 0.0127913 0.0270659 0.0895003 0.995537
1305031125.947343    0.142976 -0.00658881  -0.0943139 0.0153238 0.0320134 0.088385 0.995454
1305031125.979324   0.146475 -0.0208887 -0.0890479 0.0132653 0.0392698 0.0859847 0.995434
1305031126.011333    0.14586 -0.0356686 -0.0849313 0.0138714 0.0458448 0.0863614 0.995112
1305031126.047324   0.146016 -0.0508531 -0.0819866 0.0156617 0.0479559 0.0858764 0.995028
1305031126.079356    0.14702 -0.0648839 -0.0805625 0.0192746 0.047412 0.08502 0.995064
1305031126.111370   0.150408 -0.0757522  -0.083241 0.0228746 0.0463503 0.0854093 0.995004
1305031126.147432   0.152113 -0.0893331  -0.084151 0.0252834 0.0458998 0.0834911 0.99513
1305031126.179384  0.151428 -0.105236 -0.084061 0.0306145 0.0484119 0.081707 0.995009
1305031126.211319   0.153146  -0.112091 -0.0875587 0.0364721 0.0489352 0.0810413 0.99484
1305031126.247298   0.155246  -0.128801 -0.0856461 0.0383648 0.0480957 0.0808058 0.994829
1305031126.279363   0.157699  -0.143056 -0.0851928 0.0417976 0.0464389 0.0815258 0.994711
1305031126.311332   0.157875  -0.156814 -0.0828013 0.0466355 0.0445448 0.0820023 0.994543
1305031126.347363   0.163206   -0.16745 -0.0841806 0.0515249 0.0395992 0.0833388 0.9944
1305031126.379423   0.165962  -0.176345 -0.0849804 0.0564444 0.0370721 0.0837031 0.9942
1305031126.411465   0.172168  -0.189179 -0.0842926 0.0604919 0.0341141 0.0852666 0.993935
1305031126.447361   0.173995  -0.194572 -0.0854873 0.0665768 0.033386 0.0837776 0.993697
1305031126.479533   0.178656  -0.201673 -0.0860452 0.0696185 0.0333307 0.0807829 0.993739
1305031126.511410    0.17991  -0.218904 -0.0836322 0.0706819 0.036311 0.0792382 0.993683
1305031126.547374   0.178264  -0.231091 -0.0842103 0.0754463 0.0384543 0.0786782 0.993297
1305031126.579454   0.183329  -0.239579 -0.0850949 0.0796908 0.0349365 0.0767797 0.993244
1305031126.611528    0.18669  -0.248325 -0.0856264 0.0848093 0.0328165 0.0747438 0.993048
1305031126.647376    0.19108  -0.252545 -0.0873369 0.0893128 0.0293102 0.0726867 0.992915
1305031126.679479   0.192593  -0.257464 -0.0877518 0.0916935 0.0276832 0.0677727 0.993093
1305031126.711583   0.191305  -0.265871 -0.0874491 0.0936946 0.0277351 0.0645508 0.993119
1305031126.747316   0.191567  -0.266151 -0.0887527 0.0959861 0.0261781 0.06079 0.99318
1305031126.779379    0.19413  -0.273845 -0.0875353 0.0946131 0.0245496 0.057759 0.993534
1305031126.811602   0.191101  -0.279302 -0.0866632 0.0945552 0.0234954 0.0571059 0.993603
1305031126.847343   0.192384  -0.285075 -0.0856663 0.0941483 0.019114 0.0560607 0.993795
1305031126.879357    0.19425  -0.287078 -0.0854565 0.0951763 0.0163164 0.0550185 0.993805
1305031126.911364  0.192892 -0.289076 -0.084834 0.0954961 0.014542 0.0553822 0.993782
1305031126.947437   0.196884  -0.290082 -0.0840809 0.0964437 0.0120111 0.0531278 0.993847
1305031126.979337   0.196951  -0.290078 -0.0842196 0.0964899 0.0129645 0.0524767 0.993865
1305031127.011371  0.195711  -0.28977 -0.083578 0.0952073 0.0143035 0.0524723 0.993971
1305031127.047297   0.195795  -0.290047 -0.0827242 0.0945481 0.0147276 0.0513825 0.994084
1305031127.079299   0.195354  -0.289066 -0.0825369 0.0950655 0.0155092 0.0512347 0.994031
1305031127.111435   0.192548   -0.28806 -0.0814441 0.0944391 0.0196388 0.0508705 0.994036
1305031127.147307   0.190203  -0.289141 -0.0814606 0.0912605 0.0244001 0.0515039 0.994195
1305031127.179349   0.189119  -0.288842 -0.0811076 0.0887578 0.0275445 0.0527544 0.994274
1305031127.211700   0.186871  -0.286962 -0.0814307 0.0879766 0.0296247 0.0535481 0.994241
1305031127.247374   0.188629  -0.284118 -0.0814875 0.0855782 0.0283046 0.0552321 0.994397
1305031127.279465   0.187676  -0.281733 -0.0810772 0.0839361 0.0288052 0.0558921 0.994485
1305031127.311362  0.187218 -0.276229  -0.08214 0.0854821 0.0299672 0.0566625 0.994276
1305031127.347356   0.182955   -0.27122 -0.0820391 0.0839679 0.0334481 0.0577495 0.994231
1305031127.379262   0.182177   -0.27134 -0.0821483 0.0805544 0.0347634 0.0582748 0.994438
1305031127.411371   0.180634  -0.268418 -0.0837888 0.0806427 0.0365692 0.0590362 0.994321
1305031127.447333   0.180916   -0.26784 -0.0846516 0.0777765 0.0374058 0.0597714 0.994474
1305031127.479362   0.181336  -0.267896 -0.0854305 0.0753615 0.0381628 0.0607592 0.994572
1305031127.511356   0.180793  -0.264194 -0.0870485 0.077499 0.0394563 0.0617059 0.994298
1305031127.547348   0.177928   -0.26287 -0.0876999 0.0761954 0.0416183 0.0623643 0.99427
1305031127.579345   0.177921  -0.262868 -0.0882595 0.0740426 0.0419971 0.0627821 0.99439
1305031127.611271   0.179748  -0.261006 -0.0896071 0.0750863 0.0415647 0.0625465 0.994345
1305031127.647358   0.178852  -0.256697 -0.0906155 0.0768201 0.0422261 0.0614183 0.994255
1305031127.679298   0.176432  -0.255187 -0.0898896 0.07546 0.043957 0.0608777 0.994318
1305031127.711375   0.175841  -0.257522 -0.0909411 0.0738419 0.0450904 0.0614342 0.994354
1305031127.747304   0.174914  -0.254643 -0.0914533 0.0755621 0.0458819 0.0613861 0.994192
1305031127.779346  0.174195 -0.255357 -0.090954 0.0730599 0.0464587 0.0617562 0.994329
1305031127.811829   0.174166  -0.256431 -0.0902281 0.0713831 0.0468196 0.0627165 0.994374
1305031127.847366   0.175306  -0.255506 -0.0904205 0.0718225 0.0462585 0.063564 0.994314
1305031127.879380   0.176066  -0.253751 -0.0907072 0.0721989 0.0462833 0.0639147 0.994264
1305031127.911476   0.177111  -0.254018 -0.0910888 0.0715259 0.0468005 0.0644443 0.994254
1305031127.947366   0.176589  -0.252895 -0.0915712 0.0729139 0.0480017 0.06404 0.994122
1305031127.979371   0.176372  -0.252499 -0.0927347 0.0741225 0.0488288 0.0642606 0.993978
1305031128.011427   0.174276  -0.250503 -0.0937958 0.0760903 0.0497754 0.0639443 0.993803
1305031128.047369    0.17339  -0.249491 -0.0951298 0.0780437 0.0491001 0.0627021 0.993764
1305031128.079334   0.172088  -0.243322 -0.0967796 0.0798599 0.0493388 0.0615236 0.993682
1305031128.111391    0.17158  -0.243122 -0.0975798 0.0788185 0.0497016 0.0610088 0.993778
1305031128.147418   0.170067  -0.243449 -0.0980917 0.0788768 0.0506596 0.0593596 0.993825
1305031128.179350   0.168591  -0.237734 -0.0990603 0.0796114 0.0510367 0.0583698 0.993806
1305031128.211447  0.168677 -0.238203 -0.099215 0.0774885 0.0510765 0.0580201 0.993992
1305031128.247480   0.166067  -0.237078 -0.0996363 0.0785127 0.0530023 0.057178 0.99386
1305031128.279336   0.165453  -0.233763 -0.0998637 0.0794596 0.0534003 0.0573947 0.993751
1305031128.311483    0.16556  -0.234359 -0.0996855 0.0780664 0.0533263 0.0579195 0.993835
1305031128.347423   0.166232  -0.234616 -0.0996255 0.0780347 0.0530559 0.0587889 0.993801
1305031128.379404   0.166685  -0.231409 -0.0998679 0.0795365 0.0529851 0.060125 0.993605
1305031128.411337   0.167003   -0.23057 -0.0996422 0.0791373 0.0527126 0.0612883 0.993581
1305031128.447296   0.167464  -0.230977 -0.0992929 0.078635 0.0525215 0.0623992 0.993561
1305031128.479296   0.167324  -0.229956 -0.0990469 0.0791682 0.0527373 0.0633759 0.993446
1305031128.511433   0.167263  -0.229377 -0.0988375 0.0788889 0.0524335 0.0640128 0.993443
1305031128.547399   0.166326  -0.232484 -0.0979115 0.0772993 0.052434 0.064762 0.99352
1305031128.579455   0.166598  -0.229679 -0.0976559 0.0776396 0.0515355 0.0651468 0.993515
1305031128.611395   0.167304  -0.230471 -0.0969041 0.0758414 0.0514736 0.0649502 0.99367
1305031128.647352   0.165541  -0.230529 -0.0968035 0.0754061 0.053911 0.064359 0.993612
1305031128.679282    0.16422  -0.229083 -0.0961502 0.0754831 0.0557435 0.0650272 0.993462
1305031128.711457   0.163912   -0.22908 -0.0956044 0.0743768 0.0555235 0.0661543 0.993483
1305031128.747363   0.164444  -0.230587 -0.0948273 0.0732089 0.0541729 0.0671702 0.993576
