1305031229.564425  -0.0106043  0.00155592 -0.00612929 0.00314985 0.040263 -0.00218489 0.999182
1305031229.596600 0.00187498 0.00765552 -0.0129229 0.00721808 0.0558302 -0.00611323 0.998395
1305031229.628753 0.00383291 0.00880363 -0.0169489 0.011522 0.0749002 -0.00841856 0.997089
1305031229.664657 0.00998149  0.0119696 -0.0242361 0.0129865 0.0911093 -0.00847301 0.99572
1305031229.696827 0.00661971  0.0107408 -0.0278197 0.0127761 0.103778 -0.0106032 0.994462
1305031229.729064   0.007684 0.00867541  -0.029002 0.0117657 0.12475 -0.0130027 0.992033
1305031229.764848 0.00482896  0.0102006  -0.032463 0.0121772 0.144736 -0.0158268 0.989269
1305031229.796909  0.0048133  0.0109421 -0.0341927 0.0119592 0.161495 -0.0200755 0.986597
1305031229.825613  0.0138169  0.0132589 -0.0383372 0.0128288 0.180314 -0.0229704 0.983257
1305031229.863055  0.0179802  0.0120781 -0.0419761 0.0121407 0.199614 -0.0278175 0.979404
1305031229.896929  0.0249325 0.00827786  -0.044615 0.00969842 0.219658 -0.031768 0.975011
1305031229.926248  0.0272001 0.00607205 -0.0477814 0.00852777 0.243718 -0.0341622 0.969207
1305031229.966160  0.0298564  0.0119339 -0.0531268 0.0116768 0.264116 -0.0383383 0.963658
1305031229.997917  0.0305509 0.00725417 -0.0551989 0.0100438 0.282625 -0.0402513 0.958333
1305031230.029991  0.0273823 0.00757823 -0.0539202 0.0109978 0.300746 -0.0413823 0.952743
1305031230.065687  0.0289956 0.00960319   -0.05765 0.0114617 0.315373 -0.0430986 0.947919
1305031230.098242   0.029982  0.0101678 -0.0595885 0.0118411 0.329906 -0.0447363 0.942879
1305031230.129919  0.0313679 0.00952723 -0.0624398 0.012759 0.343094 -0.0459872 0.938088
1305031230.165771   0.031946  0.0110648 -0.0655387 0.0145993 0.356683 -0.047781 0.932888
1305031230.197772  0.0324851  0.0125093 -0.0690142 0.0161136 0.370409 -0.0482932 0.927473
1305031230.229830  0.0341841  0.0109257 -0.0733461 0.0163183 0.38349 -0.0492819 0.922085
1305031230.265580  0.0364156  0.0100172 -0.0782972 0.0166723 0.397281 -0.0505118 0.916154
1305031230.297982  0.0316903  0.0114307 -0.0801455 0.0183105 0.413846 -0.0529319 0.908622
1305031230.325685  0.0318724  0.0154494 -0.0860185 0.0189273 0.427705 -0.0547198 0.902062
1305031230.365650   0.033361  0.0112452 -0.0884236 0.0183512 0.442841 -0.0552902 0.894705
1305031230.397265   0.037208 0.00932098 -0.0984721 0.0190494 0.455976 -0.0571612 0.88795
1305031230.425670  0.0392695 0.00836518  -0.106856 0.0189973 0.471344 -0.0611055 0.879625
1305031230.465220  0.040006 0.0102719 -0.118105 0.0206366 0.49004 -0.0655194 0.868989
1305031230.497228  0.0394892 0.00819403  -0.124702 0.0232689 0.513095 -0.0684697 0.85528
1305031230.526720 0.0360846 0.0107422 -0.132128 0.0255252 0.537333 -0.0737934 0.839747
1305031230.566084 0.0338673 0.0105321 -0.139918 0.0278816 0.559837 -0.0769242 0.824553
1305031230.598825   0.033173 0.00899657  -0.142532 0.0314094 0.58268 -0.0796007 0.808184
1305031230.626028  0.0300604 0.00805219  -0.149036 0.0345434 0.603001 -0.0813401 0.792831
1305031230.665795  0.0295221 0.00228463  -0.151765 0.0387104 0.62012 -0.0815713 0.779294
1305031230.697932   0.0230076 0.000832923   -0.159164 0.0409177 0.634233 -0.0831018 0.767573
1305031230.725671  0.0189854 0.00251976  -0.163756 0.0429307 0.648563 -0.0861712 0.755048
1305031230.765854  0.0146094 0.00367424  -0.166905 0.0451844 0.663541 -0.0881822 0.74155
1305031230.797303  0.0046191 0.00381096  -0.168946 0.0455505 0.679556 -0.0879858 0.726903
1305031230.825729 -0.00198418  0.00834615   -0.170437 0.0460762 0.695974 -0.0894658 0.71098
1305031230.865523  -0.018393 0.00460933  -0.172591 0.0467609 0.713065 -0.0890471 0.693846
1305031230.897379 -0.0223341 0.00151124  -0.176714 0.0482981 0.728652 -0.0865229 0.677677
1305031230.925860  -0.0189646 -0.00840815   -0.186536 0.0509061 0.740297 -0.0822885 0.66528
1305031230.964976   -0.014204 -0.00586979   -0.196961 0.052331 0.746628 -0.0814272 0.658162
1305031230.997080 -0.0112375 -0.0125802   -0.20173 0.0530065 0.750161 -0.0797328 0.654287
1305031231.025653 -0.0119708 -0.0115604  -0.204604 0.0536318 0.751122 -0.0787906 0.653247
1305031231.064422 -0.00926194   -0.010013   -0.204281 0.0535748 0.750313 -0.077656 0.654317
1305031231.096775 -0.00571642  -0.0189145   -0.208755 0.0534979 0.748635 -0.0766845 0.656356
1305031231.125728 -0.00636323  -0.0132025   -0.204326 0.0533984 0.747983 -0.0781829 0.65693
1305031231.165241 -0.000843042   -0.0173954    -0.203038 0.0520482 0.746118 -0.0775629 0.659229
1305031231.197747 0.00843978 -0.0303123  -0.204043 0.0524761 0.740222 -0.0753361 0.666065
1305031231.225711  0.0173327 -0.0280064  -0.203009 0.0512918 0.72922 -0.0735201 0.678382
1305031231.265594  0.0361879 -0.0339539  -0.202385 0.0499494 0.713005 -0.0717296 0.69569
1305031231.297846  0.0507528 -0.0383567  -0.199316 0.0475284 0.691174 -0.0701732 0.717702
1305031231.325741    0.05552 -0.0388718  -0.190967 0.0472661 0.668702 -0.068887 0.738822
1305031231.365066  0.0617797 -0.0371103  -0.180136 0.0475065 0.646589 -0.0684495 0.758274
1305031231.397128  0.0648958 -0.0361579  -0.173466 0.0457713 0.624838 -0.0684844 0.776397
1305031231.425688  0.0631738 -0.0309219  -0.167882 0.0448655 0.60598 -0.0727141 0.790878
1305031231.464918  0.0629684 -0.0299068  -0.162676 0.0445703 0.589179 -0.0751104 0.803268
1305031231.493669  0.0629872 -0.0297664   -0.15906 0.0437075 0.572577 -0.0759455 0.815155
1305031231.525755  0.0629538 -0.0283863  -0.156527 0.0427258 0.556454 -0.0778593 0.826118
1305031231.565052  0.0617938 -0.0269232  -0.151568 0.0423242 0.542044 -0.0789981 0.835557
1305031231.593737  0.0625839 -0.0307253  -0.149242 0.0419931 0.525878 -0.0782186 0.845914
1305031231.625704  0.0617522 -0.0284467  -0.147508 0.0417158 0.509672 -0.0780892 0.855802
1305031231.665045  0.0619304 -0.0273023  -0.145201 0.040733 0.493983 -0.0775728 0.865046
1305031231.693702  0.0610653 -0.0310759  -0.141294 0.0399614 0.477874 -0.0749169 0.874315
1305031231.725886  0.0596797 -0.0338687  -0.135991 0.0402997 0.460492 -0.0710338 0.883899
1305031231.765478  0.0609421 -0.0356483  -0.130987 0.0422728 0.438567 -0.0667153 0.895221
1305031231.793723 0.0608132 -0.036183  -0.12861 0.0436316 0.414529 -0.0636411 0.906759
1305031231.825686  0.0583147 -0.0340149  -0.124824 0.0457011 0.391116 -0.0607059 0.917199
1305031231.864940 0.0502016 -0.031013   -0.1152 0.0467536 0.367635 -0.0570828 0.927038
1305031231.893727  0.0512899 -0.0341465  -0.113722 0.0458582 0.339786 -0.0530069 0.937888
1305031231.925706  0.0573341 -0.0352623  -0.114772 0.0457274 0.311781 -0.0494385 0.947765
1305031231.965010  0.0587682 -0.0339026  -0.113486 0.0451752 0.2873 -0.047093 0.955615
1305031231.993726 0.0598957 -0.034897 -0.112505 0.0446382 0.26639 -0.0450849 0.961775
1305031232.025790  0.0545023 -0.0325208  -0.107789 0.0443503 0.24876 -0.0442034 0.966539
1305031232.065122  0.0517493 -0.0338426  -0.104285 0.0426274 0.227761 -0.0426469 0.971848
1305031232.093725  0.0568017 -0.0337208  -0.103081 0.0422042 0.204468 -0.0420217 0.97706
1305031232.125662  0.0572296 -0.0298512  -0.101991 0.0426122 0.186033 -0.0411265 0.980757
1305031232.165032  0.0570017 -0.0356462 -0.0991503 0.0380015 0.168807 -0.0393838 0.984129
1305031232.193716  0.0555829  -0.030015 -0.0973958 0.0404356 0.150754 -0.0375445 0.98703
1305031232.225683  0.0502318 -0.0314939 -0.0934946 0.0395501 0.134234 -0.035862 0.98951
1305031232.262691  0.0499245 -0.0294532 -0.0920237 0.0392979 0.115204 -0.0335411 0.991997
1305031232.293855  0.0508556 -0.0341261 -0.0882115 0.0380638 0.0938088 -0.0314669 0.994365
1305031232.325619  0.0439176 -0.0401229 -0.0842891 0.034181 0.0796818 -0.0308302 0.995757
1305031232.364738  0.0482361 -0.0466141 -0.0814965 0.0310398 0.062771 -0.0289846 0.997124
1305031232.393714  0.0493495 -0.0495957 -0.0787485 0.0304241 0.0489808 -0.0275751 0.997955
1305031232.425721   0.051626 -0.0516372 -0.0761651 0.029904 0.0376563 -0.0260224 0.998504
1305031232.464703  0.0518325 -0.0502943 -0.0749144 0.0301448 0.0289138 -0.0239344 0.998841
1305031232.493650  0.0503825 -0.0511847 -0.0720132 0.0297119 0.0191674 -0.0224849 0.999122
1305031232.525781  0.0469094 -0.0525453 -0.0704774 0.029428 0.00742949 -0.0200737 0.999338
1305031232.564714  0.0463462 -0.0519918 -0.0685124 0.0291995 -0.00508985 -0.0177933 0.999402
1305031232.593722   0.043202 -0.0485015 -0.0666172 0.0305332 -0.0179181 -0.0148899 0.999262
1305031232.625783  0.0395851 -0.0497987 -0.0652276 0.0309083 -0.0336416 -0.011618 0.998888
1305031232.664695  0.0419426 -0.0524398 -0.0610568 0.0296266 -0.050084 -0.00907912 0.998264
1305031232.693701  0.0409721 -0.0557952 -0.0571242 0.0265038 -0.0639693 -0.00665251 0.997578
1305031232.725876  0.0415185 -0.0600587 -0.0536704 0.0252251 -0.0815136 -0.00304341 0.996348
1305031232.761719  0.0389136 -0.0596619 -0.0525782 0.0258915 -0.0993325 0.00129154 0.994717
1305031232.793672  0.0388843 -0.0626772 -0.0515216 0.022237 -0.116864 0.00487546 0.992887
1305031232.825767  0.0373276 -0.0649171 -0.0437743 0.0212189 -0.13308 0.00636667 0.990858
1305031232.861666  0.0325731 -0.0604909 -0.0437012 0.0230765 -0.145167 0.00803695 0.989105
1305031232.893683  0.0308364 -0.0500045 -0.0413616 0.0257609 -0.153029 0.00830983 0.987851
1305031232.925756  0.0275837 -0.0513068 -0.0417267 0.0257359 -0.154467 0.00390227 0.987655
1305031232.961662  0.0252306 -0.0486194 -0.0422464 0.0260667 -0.154303 0.002194 0.987677
1305031232.993641  0.0277948 -0.0519952 -0.0374482 0.027381 -0.154865 -0.00224279 0.987554
1305031233.025746   0.034365 -0.0582315 -0.0291951 0.0253914 -0.141233 -0.00977312 0.989602
1305031233.061697  0.0369905 -0.0592345 -0.0313627 0.0238475 -0.118331 -0.0186486 0.992513
1305031233.093701  0.0395011 -0.0746493  -0.020053 0.0195638 -0.089491 -0.031784 0.995288
1305031233.125846  0.0515765  -0.092207 -0.0217299 0.0147459 -0.0699312 -0.0356459 0.996806
1305031233.161744  0.0557321 -0.0912423 -0.0273996 0.0202462 -0.0619187 -0.0384606 0.997134
1305031233.193761  0.0553456 -0.0928394 -0.0295974 0.0268333 -0.0550523 -0.039367 0.997346
1305031233.225763  0.0660325 -0.0916211 -0.0263328 0.0338724 -0.0482332 -0.044516 0.997269
1305031233.261687  0.0662444 -0.0853287 -0.0329462 0.0374438 -0.0224006 -0.0482146 0.997884
1305031233.293802   0.058313 -0.0888435 -0.0359083 0.0405932 0.0182869 -0.056867 0.997389
1305031233.325798  0.0796351  -0.114048 -0.0452342 0.0346869 0.0629915 -0.0670897 0.995152
1305031233.361800  0.0783742  -0.124357 -0.0529532 0.0326475 0.108352 -0.0775575 0.990545
1305031233.393685  0.0757036  -0.140777 -0.0557326 0.0305678 0.149768 -0.0848602 0.984598
1305031233.425708  0.0785113  -0.144095 -0.0644322 0.0327627 0.185369 -0.0857281 0.978374
1305031233.461836   0.070399  -0.148132 -0.0657734 0.0316658 0.214223 -0.0877701 0.972318
1305031233.493692  0.0640002  -0.148395 -0.0670537 0.0331926 0.230514 -0.0856735 0.968722
1305031233.525708  0.0723003  -0.148129 -0.0744913 0.0344957 0.240347 -0.0839976 0.96643
1305031233.561785  0.0781661  -0.149903 -0.0794512 0.0356489 0.256484 -0.0856664 0.962085
1305031233.593760  0.0898254  -0.147231 -0.0902578 0.038028 0.27589 -0.089372 0.95627
1305031233.625707  0.0863096  -0.152986 -0.0902052 0.0362814 0.304405 -0.0894608 0.947638
1305031233.661700  0.0791705  -0.159253 -0.0854617 0.0347123 0.329852 -0.0900859 0.939083
1305031233.693779  0.0710736  -0.155324 -0.0806026 0.0382905 0.348819 -0.0877834 0.932284
1305031233.725575  0.0569971  -0.158232 -0.0688854 0.0382191 0.360613 -0.0827646 0.92825
1305031233.761643  0.0500415  -0.160675 -0.0599818 0.040038 0.360198 -0.0788159 0.928678
1305031233.793747  0.0532394  -0.165513 -0.0593596 0.0413316 0.350876 -0.0759824 0.932419
1305031233.825687 0.0599198 -0.162072 -0.065634 0.0433127 0.342212 -0.076363 0.935512
1305031233.861613  0.0625991   -0.15911 -0.0681631 0.042878 0.340821 -0.0766489 0.936017
1305031233.893718  0.0616877  -0.159053 -0.0673312 0.0420981 0.343509 -0.0770682 0.935035
1305031233.925841  0.0579767  -0.156204 -0.0642411 0.0397564 0.346452 -0.0778722 0.933984
1305031233.961748  0.0570496    -0.1576 -0.0617792 0.0343559 0.345848 -0.0753694 0.934627
1305031233.993722   0.061014  -0.153787 -0.0634852 0.0290145 0.341114 -0.0697313 0.936983
1305031234.025786  0.0616099  -0.159855 -0.0634303 0.0176712 0.336794 -0.0647347 0.939184
1305031234.061675  0.0622176  -0.159442 -0.0609369 0.00985277 0.331551 -0.0608718 0.94142
1305031234.093790  0.0644946  -0.157899 -0.0614036 0.000909964 0.326016 -0.0569332 0.943648
1305031234.129606  0.0643292  -0.156181 -0.0615826 -0.0091122 0.323026 -0.0510537 0.944968
1305031234.161729  0.0647552  -0.163198 -0.0583323 -0.0209875 0.320205 -0.0463837 0.945979
1305031234.193710   0.069831  -0.158533 -0.0607604 -0.0289609 0.315857 -0.0425765 0.947409
1305031234.229746  0.0691781  -0.161192 -0.0589057 -0.0423526 0.314969 -0.0374162 0.947418
1305031234.261752  0.0690137  -0.164522 -0.0571562 -0.0516126 0.313443 -0.0340893 0.94759
1305031234.293697  0.0671185  -0.159942 -0.0616099 -0.0588419 0.311807 -0.0316288 0.947794
1305031234.329654  0.0673737  -0.159831 -0.0613842 -0.0702833 0.311587 -0.0266953 0.947239
1305031234.361612  0.0631261  -0.160744 -0.0594331 -0.0799475 0.313059 -0.0244288 0.946047
1305031234.393723   0.062132  -0.155793 -0.0599425 -0.0878315 0.312905 -0.0218131 0.945463
1305031234.429703  0.0646546  -0.150547 -0.0612175 -0.0982057 0.311607 -0.0149327 0.945004
1305031234.461690 0.0693344 -0.153078 -0.060493 -0.114174 0.308446 -0.00793075 0.944332
1305031234.493831  0.0668623  -0.150746 -0.0612428 -0.126227 0.307218 -0.00379864 0.943223
1305031234.529645  0.0743432  -0.141642 -0.0692483 -0.140608 0.303039 0.00304984 0.942543
1305031234.561675  0.0758703  -0.135464 -0.0684586 -0.155546 0.304568 0.00971538 0.939654
1305031234.593780  0.0774249  -0.135434 -0.0696157 -0.170969 0.305129 0.0153881 0.936712
1305031234.630013  0.0767188  -0.130932 -0.0677029 -0.188119 0.305139 0.0220205 0.933283
1305031234.661618  0.0791217  -0.130775 -0.0635406 -0.204315 0.305071 0.0298189 0.929676
1305031234.693750  0.0757329  -0.125831 -0.0638617 -0.219318 0.3047 0.036937 0.926117
1305031234.729764  0.0782392  -0.124638 -0.0626245 -0.234676 0.30367 0.0439935 0.922375
1305031234.761815  0.0771736  -0.121108 -0.0647508 -0.251293 0.302374 0.0515054 0.918025
1305031234.793716   0.084779  -0.128132 -0.0582703 -0.268525 0.301331 0.0593699 0.913
1305031234.829772  0.0823208  -0.125115 -0.0576614 -0.277978 0.301337 0.0643004 0.909829
1305031234.861873  0.0867399  -0.131789 -0.0581251 -0.28973 0.299151 0.0703207 0.906433
1305031234.893760  0.087398 -0.133403 -0.055108 -0.295602 0.299653 0.0744389 0.904039
1305031234.929666  0.0896616  -0.145772 -0.0478873 -0.29844 0.299407 0.0752625 0.90312
1305031234.961659  0.0899305  -0.148766 -0.0496057 -0.293885 0.29945 0.0721881 0.904848
1305031234.993749  0.0943409  -0.149349 -0.0418758 -0.286184 0.30223 0.0685195 0.906675
1305031235.029701  0.0895829  -0.153972 -0.0495311 -0.277484 0.303391 0.0625907 0.909417
1305031235.061591  0.0934565  -0.154417 -0.0438824 -0.267675 0.306247 0.0571642 0.911754
1305031235.093621  0.0866805  -0.158889 -0.0445703 -0.255678 0.308771 0.0506438 0.914726
1305031235.129679  0.0852986  -0.155107 -0.0520887 -0.243574 0.308486 0.0446197 0.918432
1305031235.161491  0.0889618  -0.161247 -0.0476248 -0.235403 0.31094 0.0416443 0.919874
1305031235.193605  0.0842281   -0.16347 -0.0480414 -0.219625 0.312317 0.0351021 0.923575
1305031235.229635  0.084571 -0.166232 -0.052644 -0.207778 0.311131 0.0300312 0.92689
1305031235.261629 0.0829397 -0.167422 -0.051576 -0.194286 0.312797 0.0258306 0.929378
1305031235.293677  0.0808943  -0.174024 -0.0505858 -0.181248 0.313059 0.0223994 0.932009
1305031235.329649  0.0826306  -0.176815 -0.0495395 -0.164264 0.311213 0.0183181 0.935857
1305031235.361653  0.0794536  -0.180409 -0.0517898 -0.149009 0.309775 0.0115094 0.938991
1305031235.393686  0.0797475  -0.186316 -0.0509641 -0.136279 0.309895 0.00488862 0.940941
1305031235.429666  0.0751175  -0.191427 -0.0516031 -0.116985 0.311736 -0.00393496 0.942931
1305031235.461669  0.0716877  -0.190785 -0.0541698 -0.100014 0.312123 -0.0134009 0.944668
1305031235.493665  0.0703833  -0.194029 -0.0552576 -0.0836656 0.313068 -0.0216008 0.945792
1305031235.529738  0.0686987  -0.198177 -0.0555954 -0.0671416 0.313839 -0.0300802 0.946621
1305031235.561675  0.0652224  -0.199115 -0.0575894 -0.0508471 0.31387 -0.0387172 0.947312
1305031235.593726  0.0623398  -0.205877 -0.0567106 -0.0343922 0.314335 -0.0464459 0.947551
1305031235.629798  0.0584131  -0.199285 -0.0609243 -0.0128214 0.314144 -0.0573904 0.947552
1305031235.661669  0.0583624  -0.205141 -0.0625079 0.00359417 0.312954 -0.0656174 0.947492
1305031235.693698  0.0532133  -0.204287 -0.0651148 0.0228414 0.313855 -0.075625 0.946179
1305031235.729661  0.0471413  -0.203685 -0.0662197 0.0417028 0.316281 -0.0857992 0.943857
1305031235.761818  0.0440127  -0.206695 -0.0678669 0.06038 0.316073 -0.0940371 0.94213
1305031235.793628  0.0412882  -0.210146 -0.0707241 0.0771124 0.314307 -0.104094 0.940441
1305031235.829663  0.0352997  -0.213991 -0.0729983 0.0925101 0.313598 -0.110804 0.93852
1305031235.861603  0.0320684  -0.217643 -0.0757199 0.107338 0.310982 -0.118132 0.936917
1305031235.893698  0.0298969  -0.219485 -0.0787588 0.122052 0.308574 -0.125857 0.934904
1305031235.929664  0.0281377  -0.218439 -0.0827528 0.134648 0.306505 -0.13218 0.932981
1305031235.961704  0.0239522  -0.218892 -0.0836801 0.149111 0.305466 -0.136991 0.930425
1305031235.993673   0.023172  -0.217663 -0.0885469 0.160408 0.302865 -0.142511 0.928565
1305031236.029652  0.0219353  -0.215963 -0.0904201 0.172727 0.300986 -0.148257 0.926063
1305031236.061630  0.0177301  -0.217552 -0.0943182 0.181932 0.299406 -0.153166 0.924011
1305031236.093688  0.0135242  -0.215542 -0.0956675 0.18896 0.29841 -0.154937 0.922627
1305031236.129660  0.0111093  -0.213808 -0.0971354 0.194838 0.296358 -0.157971 0.92155
1305031236.161670 0.00980496  -0.213291 -0.0984861 0.199404 0.295104 -0.160773 0.920491
1305031236.193597 0.00801515  -0.214659   -0.10032 0.204026 0.292731 -0.164854 0.919514
1305031236.229721 0.00653337  -0.214035   -0.10174 0.204217 0.290397 -0.164979 0.920188
1305031236.261669 0.00776143   -0.21331  -0.103082 0.201084 0.28819 -0.162806 0.921958
1305031236.293648 0.00900207  -0.212467   -0.10191 0.194603 0.287544 -0.162201 0.923655
1305031236.329663 0.0113412 -0.213917 -0.101116 0.184023 0.288848 -0.159051 0.925962
1305031236.361588  0.0140485  -0.212359 -0.0994594 0.174451 0.291474 -0.156326 0.927454
1305031236.393685  0.0174253  -0.215365 -0.0979873 0.161842 0.293745 -0.152853 0.9296
1305031236.429662  0.0195366  -0.215966 -0.0950467 0.148366 0.295967 -0.148354 0.93187
1305031236.461654  0.0224954  -0.215752 -0.0906716 0.134496 0.297814 -0.142919 0.934233
1305031236.493658  0.0275233  -0.216495 -0.0883611 0.121151 0.298507 -0.138697 0.936472
1305031236.529695  0.0302061  -0.213626 -0.0850069 0.106984 0.300824 -0.131334 0.938515
1305031236.561678  0.0353035  -0.212093 -0.0811805 0.0942707 0.301344 -0.123917 0.940718
1305031236.593682 0.0406168 -0.210172 -0.079318 0.0797551 0.301416 -0.117362 0.942875
1305031236.629642   0.048318  -0.210944 -0.0759421 0.0631179 0.301674 -0.11145 0.944769
1305031236.661655  0.0542837  -0.210783 -0.0740573 0.0485262 0.302911 -0.105065 0.945966
1305031236.693667  0.0564815  -0.214917 -0.0695836 0.0302694 0.307193 -0.096879 0.946219
1305031236.729693  0.0612924  -0.214154 -0.0663156 0.0139857 0.309816 -0.0890636 0.946512
1305031236.761749  0.0651441  -0.212102 -0.0631179 -0.000144782 0.311937 -0.0823833 0.946524
1305031236.793675  0.0697692  -0.204025 -0.0598851 -0.0137436 0.314647 -0.0747594 0.94616
1305031236.829705  0.0762257  -0.207755 -0.0579918 -0.0320161 0.314725 -0.0641832 0.946469
1305031236.861617   0.086253  -0.205174 -0.0561654 -0.0471226 0.312722 -0.055049 0.947076
1305031236.893505 0.0930446 -0.202445 -0.054299 -0.0633623 0.313102 -0.046268 0.946473
1305031236.929669 0.0999854 -0.199417 -0.052156 -0.0794511 0.314016 -0.0375003 0.945344
1305031236.961639   0.105689  -0.196145 -0.0479581 -0.095309 0.315878 -0.0311205 0.943488
1305031236.993680   0.108602  -0.185781 -0.0484568 -0.109191 0.318554 -0.0242214 0.941283
1305031237.029714   0.113609  -0.182123 -0.0405372 -0.126298 0.321077 -0.0157805 0.938461
1305031237.061729   0.116071  -0.175754 -0.0348864 -0.141425 0.32227 -0.00838695 0.935986
1305031237.093695   0.122877  -0.168101 -0.0339797 -0.156117 0.321549 0.00160149 0.933933
1305031237.129774   0.128495  -0.163049 -0.0307649 -0.174916 0.319906 0.012144 0.931084
1305031237.161661   0.135088  -0.159321 -0.0282859 -0.190614 0.317342 0.0201188 0.928739
1305031237.193642   0.138541  -0.151351 -0.0281013 -0.205328 0.315665 0.0251948 0.926046
1305031237.229691   0.143865   -0.15149 -0.0194637 -0.223415 0.314536 0.0316593 0.922036
1305031237.261663   0.144486  -0.143663 -0.0165042 -0.235248 0.313915 0.0372674 0.91909
1305031237.293709  0.143503 -0.137439 -0.013244 -0.247613 0.31201 0.0449866 0.916141
1305031237.329672 0.147762 -0.13249   -0.012 -0.258888 0.307975 0.0517499 0.91403
1305031237.361618   0.151471  -0.127936 -0.0105767 -0.271911 0.304687 0.0587793 0.91092
1305031237.393671    0.154503   -0.126988 -0.00628512 -0.283031 0.303044 0.0637771 0.907739
1305031237.429793      0.1548   -0.121945 -0.00502199 -0.29198 0.301121 0.0682139 0.905219
1305031237.461646    0.156851   -0.115206 -0.00913817 -0.301566 0.297252 0.0712012 0.903122
1305031237.493702   0.160168  -0.122218 0.00069451 -0.314139 0.296993 0.0738805 0.898695
1305031237.529735   0.153408  -0.114043 0.00707762 -0.32022 0.297464 0.0755678 0.89625
1305031237.561669   0.157575  -0.112538 0.00804019 -0.329955 0.294607 0.077642 0.893481
1305031237.593680  0.158568 -0.115754 0.0131802 -0.336581 0.29561 0.0802285 0.890445
1305031237.629705  0.156486 -0.113267 0.0123951 -0.340777 0.294434 0.081253 0.889144
1305031237.661656  0.156569 -0.113415   0.01071 -0.343205 0.293815 0.0819164 0.888354
1305031237.693693  0.155063 -0.113198 0.0112809 -0.345914 0.292725 0.0838422 0.887483
1305031237.729752  0.158084 -0.116437 0.0141985 -0.346616 0.292069 0.0828127 0.887522
1305031237.761654  0.153213 -0.112908 0.0154785 -0.344564 0.293311 0.0819536 0.887991
1305031237.793725   0.155233  -0.115073 0.00997395 -0.348569 0.291116 0.0848249 0.88688
1305031237.829769  0.159777 -0.125151 0.0173152 -0.350818 0.291465 0.0846345 0.885896
1305031237.861836  0.158708 -0.117258 0.0173645 -0.344314 0.291882 0.080743 0.888669
1305031237.893771  0.161902 -0.115176 0.0151502 -0.350555 0.290062 0.0811143 0.88679
1305031237.929849  0.169045 -0.123533 0.0231275 -0.35189 0.293159 0.0805081 0.885296
1305031237.961658  0.171432 -0.121097 0.0256975 -0.344884 0.294549 0.0748902 0.888081
1305031237.993683  0.177592 -0.126267 0.0249166 -0.33839 0.296869 0.0684112 0.890326
1305031238.029709  0.179284 -0.134478 0.0289657 -0.329197 0.303186 0.062766 0.892058
1305031238.061670  0.176414 -0.150453 0.0421792 -0.317272 0.309065 0.0558592 0.894817
1305031238.093685    0.1722 -0.158524 0.0453789 -0.2979 0.313831 0.0500939 0.900142
1305031238.129747  0.166553 -0.156861 0.0404422 -0.275997 0.315556 0.0449222 0.90677
1305031238.161682  0.167682 -0.160388  0.038579 -0.252227 0.318536 0.0403119 0.912848
1305031238.193792  0.165506 -0.157193 0.0320561 -0.227229 0.32121 0.0307175 0.918829
1305031238.230012  0.160562 -0.161164 0.0288912 -0.20825 0.325963 0.0228481 0.921878
1305031238.261604  0.155363 -0.167344 0.0280042 -0.189789 0.329239 0.0149346 0.924856
1305031238.293671  0.151938 -0.176593 0.0310828 -0.171247 0.330686 0.00632523 0.928052
1305031238.329662  0.150716  -0.17988 0.0237205 -0.148862 0.329593 -0.00100788 0.932313
1305031238.361640  0.147445 -0.185835 0.0254533 -0.131408 0.331617 -0.00790794 0.934184
1305031238.393667  0.143776 -0.188249 0.0225618 -0.110841 0.332741 -0.014922 0.936363
1305031238.429673  0.142631 -0.189144 0.0176572 -0.0912912 0.331119 -0.0220167 0.938904
1305031238.461685  0.140886 -0.191198  0.014069 -0.0746407 0.330738 -0.0278313 0.940355
1305031238.493679  0.135379 -0.187682 0.0106329 -0.0572728 0.332689 -0.0341438 0.940676
1305031238.529670    0.13289  -0.184846 0.00710087 -0.04495 0.334344 -0.0389323 0.940573
1305031238.561624   0.128739  -0.188394 0.00841817 -0.033609 0.337669 -0.0430148 0.939681
1305031238.593741   0.125633  -0.190435 0.00760761 -0.0214627 0.340056 -0.047279 0.938971
1305031238.629751   0.120268  -0.188777 0.00786249 -0.00735344 0.342261 -0.0535528 0.938049
1305031238.661628   0.115993   -0.18808 0.00699086 0.00558902 0.34258 -0.0582912 0.937662
1305031238.693855   0.116838  -0.194198 0.00282553 0.0168773 0.339631 -0.0626351 0.938319
1305031238.729729    0.115822    -0.19247 -0.00110023 0.0310553 0.338797 -0.0687785 0.937828
1305031238.761658    0.111922    -0.19073 -0.00231801 0.0427152 0.340796 -0.0736133 0.936277
1305031238.793691    0.110884   -0.191452 -0.00367431 0.0535136 0.34144 -0.0780247 0.93513
1305031238.829730    0.104158   -0.194717 -0.00398268 0.0642965 0.343369 -0.0820808 0.933395
1305031238.861826    0.100825   -0.192151 -0.00749009 0.0726121 0.343555 -0.0856121 0.932399
1305031238.893734   0.0971648   -0.194904 -0.00737237 0.0773999 0.344888 -0.0878784 0.93131
1305031238.929837  0.0982057    -0.1933 -0.0089388 0.0847225 0.344468 -0.0912306 0.930506
1305031238.961656   0.094126  -0.197496 -0.0107255 0.0895117 0.344406 -0.0913058 0.930073
1305031238.993704  0.0960622  -0.193316 -0.0120069 0.097268 0.341532 -0.0929284 0.930193
1305031239.029670  0.0946321  -0.196374 -0.0133518 0.102975 0.340326 -0.0955935 0.929751
1305031239.061677  0.0929592  -0.197325 -0.0164589 0.105801 0.339466 -0.0970535 0.929596
1305031239.093689  0.0928772  -0.194432 -0.0179144 0.107293 0.338631 -0.0966721 0.92977
1305031239.129738  0.0923274  -0.197212 -0.0193059 0.105554 0.337693 -0.0962391 0.930355
1305031239.161756  0.0925665  -0.201814 -0.0188432 0.0985971 0.336652 -0.0940452 0.931719
1305031239.193706  0.0942794  -0.198753 -0.0173342 0.0958419 0.336295 -0.0930465 0.932235
1305031239.229882  0.0934441  -0.203017 -0.0152328 0.0892409 0.338697 -0.091367 0.932187
1305031239.261721  0.0923941  -0.204534 -0.0130386 0.0813075 0.341478 -0.0888463 0.932142
1305031239.293674   0.093285  -0.205655 -0.0122834 0.0722459 0.342344 -0.0857815 0.932857
1305031239.329705  0.0946779  -0.204823 -0.0105664 0.0635143 0.343027 -0.0826536 0.933524
1305031239.361715 0.0939717 -0.206409 -0.008941 0.0524292 0.344404 -0.0786912 0.934048
1305031239.393718  0.0954184   -0.20442 -0.0074757 0.0427958 0.345648 -0.0756808 0.934328
1305031239.429744   0.0975028   -0.207546 -0.00741958 0.0283858 0.347242 -0.0722499 0.934557
1305031239.461708   0.0981573   -0.207194 -0.00581522 0.0156285 0.3498 -0.0673797 0.934267
1305031239.493720 0.0990616 -0.204117 -0.004387 0.0049842 0.35117 -0.0637063 0.934129
1305031239.529662    0.101757   -0.204147 -0.00428799 -0.0083367 0.350291 -0.0574154 0.934842
1305031239.561733    0.102577   -0.209297 -0.00229535 -0.0234208 0.348532 -0.0492826 0.935707
1305031239.593921   0.106092  -0.209975 -0.0022574 -0.0358775 0.344883 -0.0428787 0.936979
1305031239.629723    0.107325   -0.202079 -0.00306437 -0.0459495 0.342858 -0.0377449 0.937503
1305031239.661659     0.11002   -0.204268 -0.00127989 -0.0604252 0.341213 -0.031675 0.937507
1305031239.693733   0.113778  -0.199889 -0.0015442 -0.0721369 0.339184 -0.0274111 0.93755
1305031239.729894    0.115281   -0.193946 -0.00194323 -0.086122 0.339136 -0.021715 0.936535
1305031239.761913     0.114693    -0.186864 -0.000741837 -0.101578 0.340037 -0.0175265 0.934746
1305031239.793585  0.112417  -0.18017 0.0028857 -0.122006 0.341006 -0.0152461 0.931986
1305031239.829666   0.119627  -0.181015 0.00604383 -0.144961 0.339629 -0.0127542 0.929234
1305031239.861692   0.122011  -0.179427 0.00654296 -0.161428 0.344154 -0.00471207 0.92492
1305031239.893740  0.120374 -0.172687 0.0086298 -0.176442 0.346616 0.00131718 0.921262
1305031239.929706  0.122348  -0.17009 0.0107578 -0.191973 0.346678 0.010799 0.918065
1305031239.961710   0.12399  -0.16721 0.0144628 -0.205173 0.346052 0.0203655 0.91528
1305031239.993691   0.129281  -0.157024 0.00835778 -0.216294 0.341898 0.0278868 0.914082
1305031240.029620   0.131664  -0.154578 0.00983001 -0.23206 0.34079 0.0339445 0.910416
1305031240.061929   0.13401 -0.148905 0.0109908 -0.245276 0.340524 0.0386984 0.906855
1305031240.093651   0.132128  -0.140769 0.00841063 -0.259678 0.341076 0.0442744 0.902372
1305031240.129665    0.13036  -0.133531 0.00726352 -0.277811 0.341201 0.0517018 0.89651
1305031240.161723  0.136325 -0.137851 0.0158478 -0.29649 0.340311 0.0580209 0.890458
1305031240.193676  0.129803 -0.120108 0.0100745 -0.308495 0.339283 0.0616434 0.88652
1305031240.229661   0.138352  -0.111205 0.00853416 -0.330288 0.336037 0.0708074 0.87919
1305031240.261700  0.139069 -0.116272 0.0211478 -0.347558 0.335496 0.0742028 0.872433
1305031240.293646   0.135178  -0.104208 0.00906209 -0.360347 0.331795 0.0779358 0.868325
1305031240.329670  0.140233 -0.110353  0.016798 -0.378904 0.330411 0.08439 0.860313
1305031240.361685  0.140401 -0.107906 0.0263013 -0.391711 0.328524 0.0901591 0.854696
1305031240.393695  0.142837 -0.109388 0.0226629 -0.403799 0.323771 0.0964612 0.850185
1305031240.429707  0.150471 -0.121234 0.0400094 -0.416758 0.322371 0.10076 0.843941
1305031240.461673  0.140901 -0.107651 0.0280779 -0.420464 0.322729 0.102324 0.841775
1305031240.493713  0.135837 -0.101502 0.0220025 -0.424059 0.321327 0.105493 0.840116
1305031240.529672  0.143159 -0.107085 0.0283437 -0.431554 0.319624 0.108887 0.836508
1305031240.561748   0.14813 -0.101539  0.016708 -0.429931 0.320234 0.107522 0.837287
1305031240.593679  0.150999  -0.10641 0.0257766 -0.428245 0.320195 0.105738 0.838392
1305031240.631058  0.156061 -0.108552 0.0307853 -0.424174 0.321428 0.103584 0.840256
1305031240.661629  0.153528 -0.109978 0.0383446 -0.416436 0.32476 0.101297 0.84312
1305031240.693800  0.171058 -0.124154 0.0354675 -0.413787 0.322012 0.101255 0.84548
1305031240.729633  0.171626 -0.127734 0.0415111 -0.403293 0.325643 0.0989873 0.849419
1305031240.761607  0.170814 -0.132025 0.0363829 -0.39488 0.32466 0.0974087 0.853919
1305031240.793590    0.1786 -0.134859 0.0411357 -0.387847 0.326182 0.09683 0.856624
1305031240.829620  0.179893 -0.141432 0.0508899 -0.375959 0.328725 0.0938572 0.86127
1305031240.893685   0.166876 -0.0742069  0.0512979 -0.338936 0.333063 0.0853325 0.875734
1305031240.929673  0.195782 -0.142785 0.0458333 -0.32979 0.331475 0.0910489 0.879246
1305031240.961709  0.192085 -0.135943 0.0437937 -0.307373 0.331833 0.0845501 0.88784
1305031240.993643  0.193982 -0.139941  0.042788 -0.291352 0.333387 0.0805191 0.893019
1305031241.029623   0.18897 -0.148746 0.0468327 -0.269501 0.336215 0.0719071 0.899532
1305031241.061990  0.192874 -0.154142 0.0472242 -0.25383 0.333977 0.0620228 0.905639
1305031241.093615  0.196332 -0.158673 0.0460107 -0.23574 0.336642 0.0536945 0.910063
1305031241.129761  0.190266 -0.160109 0.0445034 -0.215225 0.339987 0.041291 0.914539
1305031241.193714  0.220134 -0.119262 0.0889928 -0.171114 0.342366 0.0387086 0.923042
1305031241.229602  0.204423 -0.158559 0.0626767 -0.160428 0.34488 0.0294639 0.924366
1305031241.261662  0.202181 -0.160098  0.061284 -0.144391 0.344145 0.0231876 0.927458
1305031241.293804  0.208504 -0.168854  0.060786 -0.130157 0.340166 0.0180775 0.931139
1305031241.329910  0.211462 -0.173992  0.058757 -0.112473 0.336235 0.00599565 0.935018
1305031241.393718 0.229271 -0.18099 0.072134 -0.0873365 0.335145 -0.0176901 0.937943
1305031241.429669  0.204919 -0.176797 0.0570243 -0.0672159 0.345969 -0.0338688 0.935222
1305031241.461678  0.201512 -0.171822 0.0532954 -0.0534052 0.348173 -0.0417641 0.934976
1305031241.493736  0.197189 -0.163704 0.0511872 -0.0453551 0.346824 -0.0431776 0.935838
1305031241.561686  0.190194 -0.154009 0.0516929 -0.0415981 0.343897 -0.0359947 0.937395
1305031241.593680  0.196166  -0.15817 0.0477175 -0.0446961 0.339898 -0.0339753 0.938785
1305031241.661658  0.196454  -0.15032 0.0434761 -0.0518787 0.341148 -0.0255263 0.93823
1305031241.693629  0.196407 -0.156201 0.0506627 -0.0570819 0.342299 -0.0201285 0.937639
1305031241.729700  0.196797 -0.155194 0.0514474 -0.0587003 0.34267 -0.0147209 0.937505
1305031241.761678  0.198321  -0.15538 0.0518173 -0.0612158 0.342259 -0.00992431 0.937557
1305031241.793694  0.200602 -0.155962  0.053954 -0.0619817 0.343139 -0.00653489 0.937215
1305031241.829759  0.197598 -0.151829 0.0562102 -0.0601575 0.348357 -0.00154161 0.935428
1305031241.861672   0.20458 -0.153437 0.0505279 -0.062526 0.350104 0.00797089 0.934588
1305031241.893622  0.203745 -0.156731 0.0612186 -0.0609056 0.358319 0.0134914 0.931513
1305031241.929686  0.199424 -0.158377 0.0651356 -0.0577012 0.365555 0.0235255 0.928702
1305031241.961685  0.196732 -0.156487 0.0658891 -0.0522461 0.369772 0.035238 0.926983
1305031241.993687  0.193899 -0.158823  0.074949 -0.0453976 0.375225 0.04699 0.924628
1305031242.029756  0.191651 -0.163076 0.0817207 -0.0366361 0.377034 0.0612482 0.923446
1305031242.061654  0.187349 -0.162984 0.0855881 -0.0254254 0.375755 0.0756257 0.923278
1305031242.093725  0.188192 -0.160165 0.0846169 -0.0120813 0.371988 0.0915799 0.92363
1305031242.129682  0.188787 -0.157714 0.0835128 0.000787529 0.366983 0.106612 0.924098
1305031242.161668  0.191711 -0.154104 0.0810044 0.01324 0.361246 0.12006 0.924614
1305031242.193683  0.197801 -0.144217 0.0730106 0.0259256 0.356137 0.133545 0.924478
1305031242.261884  0.197256 -0.134034 0.0701936 0.0431731 0.354507 0.16192 0.919914
1305031242.293820  0.191399 -0.132544 0.0736738 0.0518053 0.354815 0.178905 0.916196
1305031242.361729  0.188225  -0.12698 0.0763277 0.0679168 0.345606 0.211732 0.911654
1305031242.393679  0.189392 -0.126234 0.0774663 0.0752703 0.341839 0.226685 0.908897
1305031242.429711  0.186059 -0.119907 0.0786206 0.0831286 0.338943 0.244956 0.904546
1305031242.461695   0.18899 -0.121496 0.0809772 0.0900453 0.334397 0.264808 0.899971
1305031242.493742   0.191106 -0.0951062  0.0826245 0.110665 0.322133 0.288591 0.894818
1305031242.561569  0.197677 -0.115412 0.0841282 0.1127 0.316865 0.336921 0.87942
1305031242.593693    0.19421 -0.0931718  0.0878912 0.13479 0.310985 0.355858 0.87091
1305031242.629711   0.193036 -0.0897394  0.0896355 0.147315 0.30533 0.372467 0.86391
1305031242.661782   0.197446 -0.0830407  0.0893004 0.157219 0.298247 0.392068 0.855928
1305031242.729791   0.200648 -0.0806299  0.0886308 0.167892 0.293759 0.441869 0.830825
1305031242.761930   0.196852 -0.0763752  0.0900358 0.179699 0.2925 0.45902 0.819422
1305031242.829812   0.202947 -0.0730705  0.0876262 0.187231 0.294623 0.48881 0.799504
1305031242.861682   0.200736 -0.0673419  0.0876833 0.195681 0.296569 0.504896 0.786661
1305031242.929677   0.197638 -0.0595115  0.0864393 0.21872 0.295565 0.5367 0.759444
1305031242.961731   0.199307 -0.0510445  0.0839648 0.228177 0.294457 0.550116 0.747397
1305031243.029664   0.214077 -0.0433385   0.075088 0.236955 0.293265 0.570748 0.729448
1305031243.061704    0.21268 -0.0416976  0.0715568 0.242991 0.295398 0.580197 0.719074
1305031243.093739   0.209599 -0.0428389  0.0688361 0.248892 0.295402 0.589371 0.709529
1305031243.129686   0.204419 -0.0427418  0.0680578 0.255307 0.294914 0.594897 0.70281
1305031243.161643   0.195062 -0.0435861  0.0754627 0.261219 0.298526 0.5908 0.702568
1305031243.193652   0.196923 -0.0437671  0.0837291 0.253178 0.300527 0.58242 0.711598
1305031243.229716   0.207897 -0.0448826  0.0759234 0.238169 0.29908 0.574047 0.724084
1305031243.293654   0.199275 -0.0546992  0.0808579 0.214531 0.298793 0.538842 0.757858
1305031243.329803   0.214317 -0.0582741  0.0743766 0.196814 0.295099 0.527402 0.772028
1305031243.361686   0.215619 -0.0668589  0.0663065 0.18354 0.290227 0.509152 0.789206
1305031243.393708   0.217579 -0.0543885  0.0726378 0.173745 0.288592 0.48939 0.804379
1305031243.429782   0.216434 -0.0553206  0.0690896 0.162643 0.287366 0.477283 0.814352
1305031243.461622   0.218093 -0.0696018  0.0649068 0.147089 0.283729 0.46004 0.828388
1305031243.497629    0.22585 -0.0693093   0.060399 0.138682 0.277882 0.443671 0.840657
1305031243.529705   0.222894 -0.0804762  0.0581718 0.130476 0.276749 0.430033 0.849387
1305031243.561795   0.217503 -0.0683884  0.0585176 0.127398 0.272399 0.409838 0.861163
1305031243.597678   0.224274 -0.0660242  0.0572353 0.116406 0.268083 0.393543 0.871611
1305031243.629640   0.217964 -0.0790505  0.0538006 0.106288 0.265882 0.37528 0.881575
1305031243.661719  0.205791 -0.060766 0.0513665 0.100889 0.255655 0.351098 0.895093
1305031243.697682    0.20421 -0.0595365   0.055829 0.0873129 0.251567 0.329194 0.905937
1305031243.729676   0.210086 -0.0758681  0.0522672 0.073182 0.240185 0.303699 0.919088
1305031243.761667    0.21639 -0.0503348  0.0404132 0.0653012 0.221516 0.26609 0.935875
1305031243.797650   0.214965 -0.0391463  0.0445056 0.0466087 0.223284 0.235249 0.944791
1305031243.829666   0.206493 -0.0602644  0.0495288 0.0192708 0.222243 0.201094 0.953833
1305031243.861657  0.205305 -0.056483 0.0506241 -5.47343e-05 0.215721 0.164066 0.962573
1305031243.897689   0.200801 -0.0545268  0.0530246 -0.0199007 0.215931 0.131849 0.967261
1305031243.929656    0.18956 -0.0685649     0.0635 -0.0434808 0.220217 0.0992087 0.969418
1305031243.961674   0.177712 -0.0729987  0.0710571 -0.0593372 0.221074 0.0728222 0.970722
1305031243.997635   0.136617 -0.0802541   0.106988 -0.0808923 0.236292 0.0453828 0.967245
1305031244.029557   0.134196 -0.0902435   0.111678 -0.0962656 0.231 0.0269603 0.967804
1305031244.097621   0.134335 -0.0927901   0.114653 -0.110031 0.222614 -0.00919924 0.968634
1305031244.161701  0.138106 -0.110221  0.109429 -0.126157 0.219355 -0.0449423 0.96641
1305031244.197672  0.106843 -0.111938  0.119038 -0.134436 0.224683 -0.0743295 0.962247
1305031244.261676  0.108639 -0.114411  0.120683 -0.14681 0.210181 -0.116051 0.959585
1305031244.297680  0.102674 -0.114615  0.124216 -0.154764 0.202641 -0.140875 0.956629
1305031244.329685 0.0942264 -0.109031   0.13375 -0.163064 0.191767 -0.164894 0.953649
1305031244.361665 0.0896301 -0.106879  0.138278 -0.172245 0.179258 -0.188799 0.950028
1305031244.397615  0.0706454 -0.0961394   0.139607 -0.179887 0.175502 -0.217481 0.943155
1305031244.429740 0.0676336 -0.100378  0.145925 -0.192617 0.164639 -0.236222 0.938079
1305031244.497679 0.0726518 -0.113154  0.151921 -0.211125 0.144182 -0.268526 0.928726
1305031244.529690 0.0671446 -0.109962  0.155377 -0.216246 0.139341 -0.285969 0.923062
1305031244.561672 0.0658438 -0.107778  0.159416 -0.220162 0.130762 -0.300389 0.918801
1305031244.597700  0.0557363 -0.0990279   0.147725 -0.219843 0.124146 -0.322321 0.912341
1305031244.629753 0.0518437 -0.101395  0.149019 -0.224231 0.118326 -0.337565 0.906515
1305031244.697667  0.049398 -0.112016  0.160107 -0.234261 0.0993323 -0.364429 0.895794
1305031244.729757  0.052756 -0.114792  0.161972 -0.234676 0.0854113 -0.383191 0.889268
1305031244.761738 0.0480537 -0.118161  0.151633 -0.234131 0.0790375 -0.402816 0.881292
1305031244.797629 0.0451489 -0.115044  0.145397 -0.232388 0.0770664 -0.422947 0.872452
1305031244.829660   0.047595 -0.0894676   0.131222 -0.22397 0.0796705 -0.443897 0.863971
1305031244.897635  0.0389849 -0.0991504   0.139921 -0.234379 0.0823739 -0.46018 0.852358
1305031244.929681  0.0388296 -0.0963689   0.137184 -0.23394 0.0830322 -0.470625 0.846694
1305031244.961694  0.0366278 -0.0938117   0.139838 -0.233532 0.0839073 -0.478152 0.842492
1305031244.997688  0.0347477 -0.0905178   0.132958 -0.233948 0.0853579 -0.482749 0.839605
1305031245.029670  0.0310054 -0.0912847   0.139165 -0.233956 0.089283 -0.48392 0.838519
1305031245.061797  0.0340223 -0.0880912   0.135845 -0.229145 0.0894307 -0.485218 0.839082
1305031245.097906 0.0322266 -0.085679  0.123799 -0.226469 0.0951181 -0.483163 0.840368
1305031245.129925  0.0346748 -0.0844052   0.125928 -0.220384 0.100917 -0.478029 0.844236
1305031245.161721  0.0376201 -0.0844325   0.123354 -0.214332 0.106716 -0.469745 0.849714
1305031245.197655  0.0393521 -0.0864861   0.114838 -0.208038 0.118994 -0.453033 0.858674
1305031245.229684  0.0411456 -0.0907588   0.120732 -0.203169 0.131566 -0.432352 0.868611
1305031245.261749  0.0504622 -0.0949416   0.122581 -0.192697 0.136116 -0.415522 0.878454
1305031245.297648  0.0531712 -0.0979972   0.117647 -0.183979 0.145864 -0.390211 0.890287
1305031245.329736  0.0615249 -0.0954207   0.126448 -0.180697 0.152423 -0.359471 0.902716
1305031245.361797 0.0708484 -0.093498  0.128573 -0.175583 0.155988 -0.326946 0.915393
1305031245.397664 0.0711665 -0.102495  0.128326 -0.171533 0.155069 -0.300542 0.925313
1305031245.461734 0.0742225  -0.09196  0.127325 -0.155185 0.172277 -0.253969 0.939009
1305031245.497697  0.0881756 -0.0885832   0.141576 -0.148753 0.173312 -0.228263 0.946431
1305031245.529685  0.0983001 -0.0955085   0.142115 -0.13997 0.176272 -0.204897 0.952551
1305031245.561641   0.101354 -0.0881584   0.149044 -0.12803 0.178955 -0.183669 0.958044
1305031245.597588   0.122764 -0.0965713   0.139566 -0.120904 0.173923 -0.155051 0.964931
1305031245.661665   0.118407 -0.0961331   0.152386 -0.101843 0.187216 -0.118762 0.96978
1305031245.697808   0.133122 -0.0974465   0.140859 -0.0887252 0.180586 -0.0963075 0.974803
1305031245.761842   0.117397 -0.0919808   0.159479 -0.0669284 0.183527 -0.0606189 0.978858
1305031245.797508   0.113268 -0.0913783   0.163733 -0.0555794 0.178098 -0.0401232 0.981622
1305031245.829779  0.116039 -0.089954  0.166474 -0.0421741 0.169275 -0.0177963 0.984505
1305031245.861702   0.123781 -0.0885514   0.158979 -0.0303942 0.160814 0.00353417 0.98651
1305031245.897684   0.172259 -0.0730157   0.132657 -0.00993565 0.134094 0.0281668 0.990518
1305031245.961688   0.143257 -0.0839675   0.148347 0.000467643 0.149063 0.0643226 0.986733
1305031245.997613   0.178047 -0.0621455   0.133005 0.0179526 0.131627 0.0879777 0.987224
1305031246.061658   0.160302 -0.0699792   0.140816 0.0209042 0.147321 0.12669 0.980719
1305031246.097656   0.183774 -0.0435754   0.133998 0.0312689 0.141775 0.157915 0.976722
1305031246.161681   0.164691 -0.0681499   0.145095 0.0297196 0.15528 0.201808 0.966581
1305031246.197653   0.175195 -0.0321576    0.13807 0.049884 0.146015 0.229367 0.961032
1305031246.261893   0.162703 -0.0487901   0.141764 0.0452241 0.156596 0.282645 0.945275
1305031246.297613   0.172884 -0.0226106   0.144341 0.0594958 0.145142 0.314488 0.936211
1305031246.361529   0.157033 -0.0597724   0.142082 0.053364 0.148396 0.372598 0.914495
1305031246.397738  0.157951 -0.061181  0.140731 0.0565546 0.146584 0.397389 0.9041
1305031246.429654   0.156297 -0.0594266   0.139568 0.0590434 0.145202 0.426511 0.890797
1305031246.461755   0.150049 -0.0242038   0.143213 0.0807338 0.13698 0.456522 0.875389
1305031246.529729   0.155867 -0.0275375   0.139255 0.0829664 0.128966 0.503091 0.85052
1305031246.561679   0.155217 -0.0248259   0.143915 0.0813322 0.129224 0.524977 0.837309
1305031246.597580   0.153466 -0.0232193   0.144559 0.0784907 0.12846 0.549547 0.821788
1305031246.630105   0.152148 -0.0185196   0.141684 0.0798949 0.126936 0.568842 0.808655
1305031246.661684    0.148101 -0.00940588     0.14496 0.0819187 0.126266 0.588186 0.794597
1305031246.697671    0.15002 -0.0084494   0.144551 0.0755235 0.123929 0.611395 0.777903
1305031246.729825    0.153961 -0.00435873    0.144289 0.0730257 0.122899 0.631883 0.761766
1305031246.761744    0.146824 0.000735762    0.146837 0.0702135 0.123242 0.652478 0.744415
1305031246.797618   0.156415 0.00421885   0.145931 0.0630387 0.120953 0.671062 0.728747
1305031246.829699  0.162848 0.0088966  0.145105 0.0632857 0.125644 0.685218 0.714622
1305031246.861682  0.155712 0.0105583  0.147113 0.0637287 0.131632 0.700127 0.69888
1305031246.897619  0.149739 0.0102975  0.148864 0.0600054 0.134445 0.716406 0.681972
1305031246.929719  0.144105 0.0159242   0.15518 0.0580672 0.138123 0.730532 0.666238
1305031246.961581  0.152024 0.0248871  0.159374 0.0546238 0.145241 0.741179 0.653127
1305031247.029564 0.151109 0.032954 0.161002 0.0479949 0.161877 0.766178 0.620052
1305031247.061761  0.144099 0.0319977  0.165257 0.0456008 0.174086 0.77631 0.604117
1305031247.097571   0.14474 0.0205716  0.161282 0.0422501 0.180747 0.785925 0.589803
1305031247.129694  0.138291 0.0124668  0.160781 0.0450965 0.190596 0.78856 0.582935
1305031247.161688  0.131231 0.0112525  0.168475 0.0468451 0.199382 0.789319 0.578816
1305031247.197676  0.129255 0.0118284  0.172518 0.0455836 0.205757 0.789554 0.576359
1305031247.229684    0.123719 -0.00538254    0.175831 0.0430759 0.212522 0.78892 0.574964
1305031247.261671   0.117226 -0.0132842   0.179495 0.0435263 0.212888 0.782927 0.582932
1305031247.297554   0.116535 -0.0133848   0.185006 0.0383113 0.212713 0.77459 0.594387
1305031247.329729   0.114303 -0.0139148   0.191592 0.0293164 0.210305 0.765118 0.607871
1305031247.361626   0.110546 -0.0228004   0.190838 0.0203796 0.207624 0.752331 0.624881
1305031247.397540   0.100693 -0.0201749   0.200218 0.010762 0.204426 0.736782 0.644396
1305031247.429703   0.110358 -0.0101773   0.196904 -0.00464817 0.194005 0.723424 0.662569
1305031247.461694   0.115747 -0.0245637    0.18619 -0.0192148 0.186853 0.707973 0.680802
1305031247.497627   0.105898 -0.0196079   0.187875 -0.0267418 0.179164 0.687819 0.702915
1305031247.529619   0.12093 -0.019353  0.182492 -0.0423957 0.166802 0.67037 0.721792
1305031247.561743    0.11471 -0.0236838   0.180286 -0.0521825 0.158401 0.650818 0.74069
1305031247.597701   0.120059 -0.0229041   0.179148 -0.0619798 0.147881 0.631801 0.758365
1305031247.629718   0.130983 -0.0297615    0.17531 -0.070355 0.137241 0.611618 0.775976
1305031247.661681    0.13512 -0.0306601    0.17502 -0.0750895 0.124319 0.587379 0.796173
1305031247.697569   0.129711 -0.0286016   0.174902 -0.0791022 0.113551 0.561275 0.815978
1305031247.729684   0.137039 -0.0322442   0.179229 -0.0826593 0.103978 0.527382 0.839181
1305031247.761723     0.1284 -0.0372258   0.175112 -0.0887814 0.0952072 0.488815 0.86262
1305031247.797650   0.117074 -0.0391342   0.172663 -0.102067 0.0861104 0.460335 0.877644
1305031247.829657   0.122097 -0.0626309   0.179769 -0.116024 0.0717927 0.439229 0.887954
1305031247.861688  0.127158 -0.062849  0.184009 -0.117379 0.0466387 0.420291 0.898556
1305031247.897638   0.116296 -0.0454679   0.182656 -0.118398 0.0289735 0.401905 0.907532
1305031247.929807   0.119382 -0.0532962    0.20054 -0.130286 0.0188069 0.381749 0.914844
1305031247.961700   0.116332 -0.0592364   0.198816 -0.135042 0.00483981 0.365773 0.920842
1305031247.997557   0.117368 -0.0523022   0.198436 -0.137736 -0.0169462 0.34368 0.928777
1305031248.029684   0.117951 -0.0498533    0.20937 -0.146734 -0.0293029 0.322097 0.934807
1305031248.061746   0.107262 -0.0590406   0.209024 -0.155636 -0.0375426 0.297977 0.941051
1305031248.098179   0.101437 -0.0580517   0.209359 -0.159947 -0.0553858 0.274474 0.94658
1305031248.129858  0.0978367 -0.0567045   0.212257 -0.167172 -0.0696285 0.249423 0.951312
1305031248.161732  0.0877002 -0.0639611   0.217847 -0.174822 -0.0794972 0.224504 0.955362
1305031248.197746  0.0770001 -0.0696751   0.218991 -0.178393 -0.0941236 0.197484 0.959331
1305031248.229670 0.0768198 -0.067457  0.221158 -0.181362 -0.107594 0.17193 0.962274
1305031248.261691  0.0702916 -0.0707501    0.22757 -0.185742 -0.116116 0.146223 0.964695
1305031248.297645  0.0527929 -0.0784321   0.231758 -0.183551 -0.124998 0.118543 0.967797
1305031248.329688  0.0539734 -0.0748117   0.229072 -0.17958 -0.138616 0.0975725 0.969028
1305031248.361705  0.0592489 -0.0772284   0.229562 -0.181311 -0.148063 0.0752138 0.969302
1305031248.398306  0.0518041 -0.0768677   0.237159 -0.180421 -0.15324 0.053482 0.970106
1305031248.429690  0.0529266 -0.0778008   0.235143 -0.179635 -0.160708 0.032819 0.969962
1305031248.461674  0.0523013 -0.0756248   0.232291 -0.180727 -0.167067 0.0133743 0.969148
1305031248.497597   0.047821 -0.0789995   0.240154 -0.186387 -0.172329 -0.00159524 0.967244
1305031248.529678  0.0305894 -0.0760623     0.2477 -0.185556 -0.178139 -0.0147759 0.966239
1305031248.561680  0.0358042 -0.0689792   0.243508 -0.182873 -0.195523 -0.027644 0.963101
1305031248.597577  0.0472434 -0.0701773   0.247325 -0.18614 -0.210113 -0.041654 0.95889
1305031248.629727 0.0512688 -0.070905  0.252339 -0.188937 -0.217465 -0.0577712 0.955863
1305031248.661660  0.0515398 -0.0717974   0.259768 -0.190335 -0.224172 -0.0776307 0.952624
1305031248.701134  0.0470696 -0.0725714   0.256221 -0.189765 -0.230702 -0.10045 0.949039
1305031248.729769  0.0395714 -0.0740265   0.256444 -0.189258 -0.236895 -0.122688 0.944992
1305031248.761715  0.0343779 -0.0747511   0.243654 -0.191544 -0.241751 -0.143565 0.940349
1305031248.797823  0.0230882 -0.0723864   0.255758 -0.196827 -0.249815 -0.159615 0.934545
1305031248.829728  0.0141173 -0.0676261   0.250982 -0.196645 -0.260677 -0.174227 0.92899
1305031248.861712 0.00620789 -0.0653793   0.243746 -0.199971 -0.271274 -0.185773 0.92299
1305031248.897740 -0.00566566  -0.0613806    0.243069 -0.203572 -0.281175 -0.194707 0.917381
1305031248.929766 -0.0103939 -0.0505624   0.239828 -0.203689 -0.293283 -0.201118 0.912166
1305031248.961755 -0.0130126 -0.0536703   0.234928 -0.208379 -0.306931 -0.21049 0.90447
1305031248.997614 -0.0136866 -0.0547743   0.239698 -0.209278 -0.318461 -0.219336 0.898152
1305031249.029697 -0.0143515 -0.0593414   0.236872 -0.208311 -0.325471 -0.229499 0.893311
1305031249.062337 -0.0165315 -0.0596469   0.236862 -0.204248 -0.330899 -0.239498 0.889623
1305031249.097689 -0.0182629 -0.0592685   0.226208 -0.200233 -0.332922 -0.246893 0.887758
1305031249.129781 -0.0225053 -0.0636529   0.231033 -0.199827 -0.336738 -0.24903 0.885811
1305031249.161749 -0.0233954 -0.0638247   0.239536 -0.193505 -0.34286 -0.249415 0.884757
1305031249.197673 -0.0135277 -0.0625214   0.222881 -0.182525 -0.34361 -0.254297 0.885409
1305031249.229768 -0.0143466 -0.0670501    0.22596 -0.17694 -0.340869 -0.260802 0.88571
1305031249.261609 -0.0098275 -0.0662922   0.223136 -0.165279 -0.337604 -0.268364 0.886954
1305031249.297950 -0.0114308 -0.0672925   0.213165 -0.159909 -0.329168 -0.275342 0.888968
1305031249.329679 -0.0160308 -0.0670238   0.220618 -0.154281 -0.327901 -0.278135 0.889561
1305031249.361754 -0.00986468   -0.065332    0.210798 -0.148887 -0.327037 -0.278507 0.890681
1305031249.397737 -0.00871885  -0.0634235    0.204769 -0.154502 -0.318836 -0.270539 0.895143
1305031249.429851 -0.00797291  -0.0639782    0.205008 -0.164212 -0.312691 -0.254627 0.900235
1305031249.461794 -0.00588231  -0.0650948    0.211899 -0.172652 -0.30952 -0.232618 0.905692
1305031249.497685 -0.00500309  -0.0569182    0.212498 -0.178765 -0.305821 -0.208813 0.911545
1305031249.529692 0.00368148 -0.0599466   0.207471 -0.190569 -0.298289 -0.181414 0.917494
1305031249.561863 0.00189017 -0.0568161   0.222176 -0.201624 -0.292595 -0.153299 0.922082
1305031249.597805 0.00667074  -0.048706   0.225202 -0.201513 -0.287366 -0.125877 0.927884
1305031249.629760 0.0104457 -0.048893  0.211479 -0.205124 -0.27365 -0.0982025 0.934557
1305031249.662284 -0.000662968   -0.0408454     0.219156 -0.206543 -0.268022 -0.0697611 0.938423
1305031249.697653 0.000741333  -0.0353261    0.217706 -0.20323 -0.262671 -0.0360342 0.942551
1305031249.729969 7.3401e-05 -0.0316437   0.213487 -0.201024 -0.258897 -0.00266497 0.944751
1305031249.761822 -0.00081033  -0.0255447    0.214215 -0.196651 -0.263747 0.0282352 0.943911
1305031249.797667 0.00203028 -0.0230882    0.20837 -0.197265 -0.261121 0.0622123 0.942885
1305031249.829797 -0.0067297 -0.0269653   0.196477 -0.200037 -0.2578 0.0958648 0.94039
1305031249.861729 -0.0109225 -0.0245604   0.194228 -0.197959 -0.264465 0.1293 0.934961
1305031249.897548 -0.00158914  -0.0154972    0.189045 -0.195826 -0.272734 0.160412 0.92819
1305031249.929754 0.000888168 -0.00985099    0.186909 -0.196753 -0.278216 0.184349 0.9219
1305031249.962232  0.00491677 -0.00708484    0.183405 -0.200643 -0.281646 0.206329 0.91534
1305031249.997687 -0.00198259 -0.00629074    0.182689 -0.200518 -0.282022 0.226092 0.91057
1305031250.030025  -0.00327878 -7.92465e-06     0.179264 -0.201907 -0.2836 0.249781 0.903556
1305031250.061924 -0.00219392  0.00784929    0.176358 -0.211469 -0.281442 0.278074 0.893726
1305031250.097604 0.000377348  0.00988578    0.174865 -0.221265 -0.276275 0.302299 0.885059
1305031250.129780 -0.00197403   0.0240266    0.178857 -0.228664 -0.266557 0.321577 0.879345
1305031250.161809 -0.00247525   0.0314874    0.183052 -0.24657 -0.246734 0.341835 0.872625
1305031250.197617 0.00162368  0.0322895   0.182065 -0.260303 -0.229302 0.359955 0.86608
1305031250.229670 0.00474711  0.0399285   0.175918 -0.262953 -0.215723 0.376408 0.861764
1305031250.261917 0.00974526  0.0529733   0.169506 -0.277002 -0.201006 0.396181 0.852002
1305031250.298182 0.0125062 0.0519962  0.165424 -0.29125 -0.184972 0.414997 0.841865
1305031250.329709 0.0157289 0.0486779   0.16448 -0.305442 -0.170655 0.433232 0.830597
1305031250.361596 0.0170695 0.0426784  0.157858 -0.314624 -0.156867 0.453837 0.818802
1305031250.397784 0.0184431 0.0396625  0.152151 -0.318376 -0.147594 0.476218 0.806269
1305031250.429731 0.0178897 0.0430456  0.150547 -0.316592 -0.14083 0.496857 0.795657
1305031250.461779 0.0138133 0.0460211  0.144829 -0.316282 -0.127865 0.515125 0.786296
1305031250.498138 0.0166461 0.0509428  0.141696 -0.317983 -0.118748 0.533189 0.774916
1305031250.529700 0.0178796 0.0543795  0.138408 -0.3147 -0.110057 0.547595 0.767457
1305031250.561819 0.0172888 0.0573074  0.137811 -0.312063 -0.102148 0.558326 0.761875
1305031250.597650 0.0164084 0.0602842   0.13289 -0.31327 -0.0938963 0.570231 0.753579
1305031250.629661 0.0228363 0.0610652  0.134833 -0.316991 -0.0907784 0.580752 0.744314
1305031250.661952 0.0213796 0.0660127  0.131592 -0.31727 -0.0835369 0.591768 0.736323
1305031250.697768 0.0191732 0.0670059  0.134024 -0.32523 -0.0727959 0.60204 0.725586
1305031250.729747 0.0242771 0.0662114  0.127835 -0.331143 -0.0643962 0.615309 0.712455
1305031250.761789 0.0202132 0.0684208  0.120672 -0.329322 -0.0574246 0.622794 0.707373
1305031250.797838 0.0121217 0.0729854  0.114655 -0.328248 -0.0501441 0.62532 0.706197
1305031250.829785 0.00873164  0.0729356   0.111899 -0.332037 -0.0465527 0.625364 0.70463
1305031250.861873 0.00538269  0.0710211    0.10507 -0.335833 -0.0454997 0.625872 0.702446
1305031250.897604 0.00353046  0.0725996   0.104916 -0.342211 -0.046465 0.625767 0.699391
1305031250.930120 0.0112152 0.0701944  0.107608 -0.34773 -0.0475691 0.625528 0.696804
1305031250.961817 0.00874147  0.0678532   0.102849 -0.346893 -0.0508905 0.62403 0.698328
1305031250.997612 0.00597807  0.0705608   0.110102 -0.35299 -0.05643 0.617163 0.700944
1305031251.029789 0.00745534  0.0697689   0.116164 -0.359017 -0.0595082 0.607445 0.706099
1305031251.061854  0.007065 0.0677772  0.111521 -0.361175 -0.0650892 0.596822 0.713526
1305031251.097685 0.00555464  0.0659077    0.11527 -0.366824 -0.0767682 0.582959 0.720907
1305031251.129731 0.00649668  0.0655106   0.120672 -0.369445 -0.0891171 0.567033 0.730782
1305031251.161699 0.00449641  0.0642187   0.122962 -0.366128 -0.103934 0.547178 0.745482
1305031251.197672 0.00261329   0.060373   0.122301 -0.365949 -0.120042 0.524798 0.759117
1305031251.229882 -0.00206862   0.0596425    0.124638 -0.368778 -0.135311 0.500171 0.771701
1305031251.261872 -0.00578953    0.054978    0.127918 -0.370023 -0.151401 0.470875 0.786408
1305031251.297722 -0.00887124   0.0512077    0.128812 -0.367201 -0.170702 0.439492 0.801792
1305031251.329608 -0.0128508  0.0432557   0.131119 -0.365428 -0.188468 0.406754 0.815778
1305031251.361831 -0.0157393  0.0404846   0.140241 -0.363796 -0.205626 0.377024 0.826573
1305031251.397736 -0.0242342  0.0412026    0.14132 -0.358512 -0.218071 0.349617 0.837664
1305031251.429957 -0.0267061  0.0360403    0.13829 -0.35587 -0.233178 0.319196 0.846816
1305031251.462288 -0.0312959  0.0350847   0.142961 -0.350843 -0.248113 0.288523 0.855631
1305031251.497761 -0.0360825  0.0294893   0.147009 -0.346878 -0.260973 0.258339 0.863035
1305031251.529827 -0.0418205  0.0284436   0.143553 -0.338544 -0.275629 0.22979 0.869835
1305031251.561707 -0.0429494  0.0251947   0.144482 -0.33179 -0.291902 0.200191 0.874433
1305031251.597657 -0.0487307  0.0256657   0.147312 -0.325023 -0.302791 0.172077 0.879242
1305031251.629778 -0.0446672  0.0281721   0.146005 -0.317983 -0.313454 0.14206 0.883432
1305031251.661814 -0.0441226  0.0297358   0.152099 -0.312159 -0.321375 0.107102 0.887583
1305031251.698330 -0.0496915  0.0288331   0.155746 -0.306361 -0.322523 0.0725007 0.892673
1305031251.730175 -0.0524998  0.0304528   0.152958 -0.298091 -0.324684 0.0386397 0.896788
1305031251.761755 -0.0502537  0.0287728   0.152585 -0.293707 -0.32791 0.00165964 0.897891
1305031251.797678 -0.0578153  0.0296564   0.160368 -0.287829 -0.326428 -0.0339026 0.899694
1305031251.829869 -0.0565787  0.0310469   0.157816 -0.279273 -0.324516 -0.0675774 0.901182
1305031251.862143 -0.0540837  0.0265913   0.153088 -0.277752 -0.320914 -0.101188 0.899794
1305031251.897873 -0.065651  0.025882  0.154478 -0.278984 -0.31321 -0.130041 0.898419
1305031251.929898 -0.0804202  0.0301916   0.155582 -0.276426 -0.312163 -0.155107 0.895592
1305031251.961904 -0.0835073  0.0311532   0.153462 -0.273003 -0.315376 -0.177706 0.891307
1305031251.998343 -0.0831839   0.027935   0.150044 -0.271312 -0.316811 -0.19758 0.887121
1305031252.029784 -0.0885812  0.0247304   0.148242 -0.270792 -0.319986 -0.222386 0.880241
1305031252.062017  -0.10011 0.0297385   0.15375 -0.267336 -0.327822 -0.249137 0.871203
1305031252.098735 -0.103964 0.0318174  0.152062 -0.262141 -0.339222 -0.276193 0.860191
1305031252.129719 -0.107975 0.0318486  0.143425 -0.257037 -0.347517 -0.304068 0.848944
1305031252.161778 -0.116696 0.0363334  0.136334 -0.257645 -0.355001 -0.330173 0.835811
1305031252.197852 -0.136925 0.0536484  0.158579 -0.258281 -0.369603 -0.351216 0.820568
1305031252.229882 -0.140679 0.0615498  0.160447 -0.247081 -0.387012 -0.366775 0.809104
1305031252.261747 -0.131707 0.0612502  0.146043 -0.238907 -0.399993 -0.381823 0.798211
1305031252.297671 -0.136533 0.0617257  0.139901 -0.238963 -0.406582 -0.394612 0.788587
1305031252.329954  -0.14342 0.0691874  0.147151 -0.236166 -0.416464 -0.402598 0.780191
1305031252.361687 -0.141561 0.0674196  0.143196 -0.231941 -0.425603 -0.413021 0.771025
1305031252.397494 -0.146114 0.0633812  0.141275 -0.223065 -0.431952 -0.422693 0.764847
1305031252.429672 -0.144394 0.0631198  0.137202 -0.213609 -0.436458 -0.431456 0.76008
1305031252.461722 -0.147922  0.061737  0.133851 -0.209366 -0.438442 -0.438628 0.756002
1305031252.497655 -0.149703 0.0635151  0.135293 -0.20512 -0.441636 -0.441495 0.753635
1305031252.529692 -0.145124 0.0596694  0.127941 -0.199998 -0.441634 -0.445838 0.752455
1305031252.561862 -0.151603 0.0539178  0.132583 -0.194437 -0.441456 -0.450072 0.751496
1305031252.597647  -0.14412 0.0551823   0.13034 -0.186569 -0.440773 -0.453029 0.752114
1305031252.629839 -0.141552 0.0582235  0.125076 -0.184908 -0.435442 -0.453014 0.75563
1305031252.661594 -0.141345 0.0668219  0.128262 -0.191411 -0.429188 -0.443969 0.762923
1305031252.698012 -0.140296 0.0678681  0.129759 -0.207141 -0.423636 -0.42622 0.771985
1305031252.729811 -0.140624 0.0683585  0.133341 -0.230204 -0.420383 -0.396014 0.783235
1305031252.761680 -0.132628 0.0729682  0.133425 -0.259639 -0.418686 -0.361974 0.791369
1305031252.797683 -0.133684 0.0677523  0.136713 -0.289795 -0.416556 -0.329636 0.796141
1305031252.831021 -0.127349 0.0648485  0.137783 -0.300094 -0.4174 -0.303382 0.802297
1305031252.865804  -0.12043 0.0591505  0.136304 -0.31111 -0.415059 -0.282881 0.806793
1305031252.897597 -0.11806 0.057103 0.141309 -0.319782 -0.411547 -0.262719 0.812002
1305031252.929687 -0.115457  0.060022  0.140237 -0.328378 -0.40441 -0.238053 0.819726
1305031252.965771 -0.112189 0.0580346   0.14384 -0.339869 -0.396298 -0.211569 0.826242
1305031252.997652 -0.113957 0.0617318   0.14731 -0.348877 -0.387561 -0.183096 0.833401
1305031253.029884 -0.109245 0.0627084  0.147747 -0.354508 -0.380165 -0.154187 0.840253
1305031253.065901 -0.0998957  0.0626474   0.144191 -0.359686 -0.370907 -0.128383 0.846506
1305031253.097947 -0.092402 0.0611378  0.140334 -0.368051 -0.359835 -0.104527 0.850959
1305031253.129728 -0.0777961  0.0627474   0.147131 -0.380493 -0.347868 -0.0799075 0.853128
1305031253.165977 -0.0712559  0.0661716   0.155856 -0.391289 -0.330714 -0.060537 0.856654
1305031253.197610 -0.0750929   0.060157   0.155688 -0.394132 -0.318106 -0.0527337 0.860632
1305031253.229906 -0.0657668  0.0662454   0.161753 -0.389663 -0.313342 -0.047753 0.864696
1305031253.265536 -0.058267 0.0653921  0.161826 -0.384088 -0.305327 -0.0501533 0.869906
1305031253.297600 -0.0541367   0.061885   0.153666 -0.379747 -0.298716 -0.0551766 0.873795
1305031253.329972 -0.0452878  0.0572893   0.141738 -0.379303 -0.296631 -0.061285 0.87429
1305031253.366257 -0.0480792   0.053372   0.140915 -0.384009 -0.294673 -0.0688092 0.872336
1305031253.397735 -0.049139 0.0540651  0.139027 -0.386108 -0.293894 -0.0745131 0.871203
1305031253.429753 -0.0502699  0.0549308   0.134921 -0.389843 -0.292644 -0.0780615 0.869648
1305031253.465716 -0.0582715  0.0553953   0.135584 -0.394267 -0.292017 -0.078685 0.867807
1305031253.497697 -0.0575958  0.0549523   0.135341 -0.396369 -0.293411 -0.0771873 0.866512
1305031253.529706 -0.0505864  0.0514706   0.135824 -0.400157 -0.295349 -0.0776071 0.864072
1305031253.565670 -0.0579487  0.0510721   0.143706 -0.402611 -0.293009 -0.080511 0.863463
1305031253.598121 -0.0613644  0.0520016   0.143824 -0.399976 -0.290433 -0.0809556 0.865514
